 1	81	41	-16	0
 2	214	91	-16	0
 3	375	138	-16	0
 4	520	175	-16	0
 5	657	201	-16	0
 6	802	226	-16	0
 7	939	249	-16	0
 8	1084	277	-16	0
 9	1221	296	-16	0
 10	1370	318	-16	0
 11	1527	350	-16	0
 12	1632	372	-16	0
 13	1769	390	-16	0
 14	1878	414	-16	0
 15	2062	460	-16	0
 16	2252	502	-16	0
 17	2442	550	-16	0
 18	2611	584	-16	0
 19	2768	609	-16	0
 20	2925	639	-16	0
 21	3082	672	-16	0
 22	3251	712	-16	0
 23	3405	737	-16	0
 24	3565	767	-16	0
 25	3716	788	-16	0
 26	3882	813	-16	0
 27	4036	832	-16	0
 28	4211	861	-16	0
 29	4371	886	-16	0
 30	4543	914	-16	0
 31	4715	937	-16	0
 32	5024	1157	-12	-9
 33	5206	1297	-12	-9
 34	5330	1366	-12	-9
 35	5492	1493	-12	-9
 36	5903	1694	-12	-9
 37	6107	1860	-12	-9
 38	6428	2010	-12	-9
 39	6903	2270	-12	-9
 40	7252	2553	-10	-12
 41	7481	2645	-10	-12
 42	7988	3052	-9	-15
 43	8209	3129	-9	-15
 44	8399	3284	-9	-15
 45	8880	3534	-9	-15
 46	9389	3791	-9	-15
 47	9868	4008	-9	-15
 48	10415	4275	-9	-15
 49	10581	4297	-9	-15
 50	11080	4516	-9	-15
 51	11621	4751	-9	-15
 52	12146	4967	-9	-15
 53	12689	5195	-9	-15
 54	12853	5214	-9	-15
 55	13107	5422	-9	-15
 56	13596	5628	-9	-15
 57	14133	5868	-9	-15
 58	14226	5882	-9	-15
 59	14805	6115	-9	-15
 60	15310	6342	-9	-15
 61	15747	6514	-9	-15
 62	16258	6742	-9	-15
 63	16727	7049	-9	-15
 64	17268	7287	-9	-15
 65	17505	7333	-9	-15
 66	18064	7560	-9	-15
 67	18523	7777	-9	-15
 68	19010	8042	-9	-15
 69	19806	8375	-9	-15
 70	20353	8602	-9	-15
 71	20454	8612	-9	-15
 72	20981	9016	-8	-15
 73	21229	9090	-8	-15
 74	21778	9377	-8	-15
 75	22034	9580	-8	-15
 76	22605	9846	-8	-15
 77	22866	10049	-8	-15
 78	23375	10321	-8	-15
 79	23974	10594	-8	-15
 80	24579	10874	-8	-15
 81	24698	10890	-8	-15
 82	25263	11128	-8	-15
 83	25828	11424	-8	-15
 84	26624	11868	-8	-15
 85	26878	11974	-8	-15
 86	27459	12286	-8	-15
 87	27707	12476	-8	-15
 88	27815	12512	-8	-15
 89	28358	12800	-8	-15
 90	28595	12978	-8	-15
 91	29142	13273	-8	-15
 92	29256	13298	-8	-15
 93	29797	13563	-8	-15
 94	30036	13744	-8	-15
 95	30571	13976	-8	-15
 96	31032	14205	-8	-15
 97	31605	14483	-8	-15
 98	32154	14748	-8	-15
 99	32699	14968	-8	-15
 100	33204	15212	-8	-15
 101	33661	15416	-8	-15
 102	33958	15481	-8	-15
 103	34065	15523	-8	-15
 104	34554	15748	-8	-15
 105	35123	16011	-8	-15
 106	35654	16248	-8	-15
 107	35900	16435	-8	-15
 108	36487	16687	-8	-15
 109	36698	16729	-8	-15
 110	37155	16915	-8	-15
 111	37680	17182	-8	-15
 112	37960	17407	-8	-15
 113	38569	17654	-8	-15
 114	39124	17879	-8	-15
 115	39581	18085	-8	-15
 116	40046	18319	-8	-15
 117	40637	18545	-8	-15
 118	41200	18796	-8	-15
 119	41615	18961	-8	-15
 120	41818	18979	-8	-15
 121	41930	18994	-8	-15
 122	42215	19022	-8	-15
 123	42934	19344	-8	-15
 124	43621	19649	-8	-15
 125	43903	19743	-8	-15
 126	44159	19948	-8	-15
 127	44612	20134	-8	-15
 128	45183	20355	-8	-15
 129	45776	20589	-8	-15
 130	46581	20893	-8	-15
 131	46669	20926	-8	-15
 132	47446	21284	-8	-15
 133	48051	21556	-8	-15
 134	48640	21801	-8	-15
 135	49207	22029	-8	-15
 136	50333	22414	-8	-15
 137	50900	22665	-8	-15
 138	51471	22907	-8	-15
 139	52068	23186	-8	-15
 140	52876	23465	-8	-15
 141	53427	23700	-8	-15
 142	54000	23936	-8	-15
 143	54111	23956	-8	-15
 144	54818	24255	-8	-15
 145	54942	24278	-8	-15
 146	55693	24591	-8	-15
 147	56350	24869	-8	-15
 148	56831	25078	-8	-15
 149	57528	25379	-8	-15
 150	58105	25613	-8	-15
 151	59255	25976	-8	-15
 152	59942	26275	-8	-15
 153	60047	26291	-8	-15
 154	60624	26508	-8	-15
 155	61137	26729	-8	-15
 156	61654	26946	-8	-15
 157	61766	26955	-8	-15
 158	62353	27197	-8	-15
 159	63010	27503	-8	-15
 160	63777	27843	-8	-15
 161	63970	27858	-8	-15
 162	64557	28097	-8	-15
 163	65148	28348	-8	-15
 164	65925	28743	-8	-15
 165	66658	29060	-8	-15
 166	67405	29371	-8	-15
 167	67685	29392	-8	-15
 168	68398	29689	-8	-15
 169	69093	29977	-8	-15
 170	69636	30202	-8	-15
 171	70291	30481	-8	-15
 172	70990	30776	-8	-15
 173	71769	31134	-8	-15
 174	72362	31393	-8	-15
 175	73133	31716	-8	-15
 176	73650	31926	-8	-15
 177	74794	32271	-8	-15
 178	75489	32574	-8	-15
 179	75607	32588	-8	-15
 180	75806	32600	-8	-15
 181	76353	32826	-8	-15
 182	76898	33234	-8	-14
 183	77142	33313	-8	-14
 184	77661	33572	-8	-14
 185	78204	33835	-8	-14
 186	78755	34082	-8	-14
 187	79300	34317	-8	-14
 188	79841	34548	-8	-14
 189	80390	34806	-8	-14
 190	80891	35022	-8	-14
 191	81448	35267	-8	-14
 192	81681	35453	-8	-14
 193	82220	35677	-8	-14
 194	82797	35919	-8	-14
 195	82891	35932	-8	-14
 196	83456	36163	-8	-14
 197	84045	36408	-8	-14
 198	84940	36738	-8	-14
 199	85441	36940	-8	-14
 200	85956	37159	-8	-14
 201	86523	37379	-8	-14
 202	87078	37584	-8	-14
 203	87181	37593	-8	-14
 204	87756	37825	-8	-14
 205	88245	38031	-8	-14
 206	88864	38293	-8	-14
 207	89447	38509	-8	-14
 208	89954	38720	-8	-14
 209	90511	38937	-8	-14
 210	90620	38949	-8	-14
 211	90864	39146	-8	-14
 212	91000	39161	-8	-14
 213	91563	39373	-8	-14
 214	91671	39378	-8	-14
 215	92258	39616	-8	-14
 216	92811	39833	-8	-14
 217	93390	40070	-8	-14
 218	94285	40375	-8	-14
 219	94576	40595	-8	-14
 220	94703	40614	-8	-14
 221	94788	40622	-8	-14
 222	94925	40638	-8	-14
 223	95029	40652	-8	-14
 224	95568	40871	-8	-14
 225	96149	41122	-8	-14
 226	96672	41321	-8	-14
 227	96798	41340	-8	-14
 228	97379	41572	-8	-14
 229	97474	41582	-8	-14
 230	97566	41592	-8	-14
 231	98131	41825	-8	-14
 232	98724	42061	-8	-14
 233	98821	42071	-8	-14
 234	99396	42288	-8	-14
 235	99959	42495	-8	-14
 236	100722	42819	-8	-14
 237	101611	43134	-8	-14
 238	102222	43373	-8	-14
 239	102759	43598	-8	-14
 240	103348	43818	-8	-14
 241	103857	44038	-8	-14
 242	104430	44267	-8	-14
 243	104997	44496	-8	-14
 244	105580	44730	-8	-14
 245	106141	44957	-8	-14
 246	107123	45293	-8	-14
 247	107668	45499	-8	-14
 248	108303	45753	-8	-14
 249	108427	45771	-8	-14
 250	108503	45775	-8	-14
 251	109172	46116	-8	-14
 252	109745	46342	-8	-14
 253	109870	46358	-8	-14
 254	109978	46371	-8	-14
 255	110261	46586	-8	-14
 256	110824	46819	-8	-14
 257	111423	47247	-8	-14
 258	111728	47355	-8	-14
 259	112321	47643	-8	-14
 260	112525	47805	-8	-14
 261	113210	48125	-8	-14
 262	113771	48380	-8	-14
 263	114330	48588	-8	-14
 264	114923	48830	-8	-14
 265	115027	48840	-8	-14
 266	115622	49086	-8	-14
 267	116197	49342	-8	-14
 268	116760	49563	-8	-14
 269	117375	49792	-8	-14
 270	117930	50009	-8	-14
 271	118055	50024	-8	-14
 272	118340	50045	-8	-14
 273	118927	50279	-8	-14
 274	119554	50527	-8	-14
 275	120221	50820	-8	-14
 276	120317	50829	-8	-14
 277	120562	51027	-8	-14
 278	120659	51043	-8	-14
 279	121258	51274	-8	-14
 280	121555	51498	-8	-14
 281	121650	51507	-8	-14
 282	121785	51523	-8	-14
 283	122368	51747	-8	-14
 284	122475	51759	-8	-14
 285	123078	51999	-8	-14
 286	123749	52277	-8	-14
 287	124410	52532	-8	-14
 288	125057	52792	-8	-14
 289	125165	52804	-8	-14
 290	125782	53041	-8	-14
 291	125891	53051	-8	-14
 292	126840	53394	-8	-14
 293	127139	53629	-8	-14
 294	127830	53890	-8	-14
 295	128523	54164	-8	-14
 296	128623	54170	-8	-14
 297	129250	54414	-8	-14
 298	129831	54629	-8	-14
 299	130398	54864	-8	-14
 300	131017	55111	-8	-14
 301	131722	55391	-8	-14
 302	132315	55637	-8	-14
 303	132429	55639	-8	-14
 304	132563	55654	-8	-14
 305	133208	55898	-8	-14
 306	133877	56145	-8	-14
 307	134464	56369	-8	-14
 308	135007	56588	-8	-14
 309	136121	56961	-8	-14
 310	136680	57179	-8	-14
 311	137273	57401	-8	-14
 312	137762	57609	-8	-14
 313	138315	57817	-8	-14
 314	138976	58081	-8	-14
 315	139643	58350	-8	-14
 316	140302	58593	-8	-14
 317	140923	58862	-8	-14
 318	141640	59418	-8	-14
 319	142007	59533	-8	-14
 320	142798	59919	-8	-14
 321	143361	60151	-8	-14
 322	144100	60461	-8	-14
 323	144379	60489	-8	-14
 324	144703	60751	-8	-14
 325	145488	61112	-8	-14
 326	146257	61677	-8	-14
 327	146611	61766	-8	-14
 328	147326	62075	-8	-14
 329	148079	62421	-8	-14
 330	148846	62772	-8	-14
 331	149543	63075	-8	-14
 332	150298	63415	-8	-14
 333	151035	63733	-8	-14
 334	151708	64003	-8	-14
 335	151993	64038	-8	-14
 336	152698	64330	-8	-14
 337	153405	64611	-8	-14
 338	154154	64911	-8	-14
 339	154667	65003	-8	-14
 340	154939	65024	-8	-14
 341	155704	65312	-8	-14
 342	156463	65628	-8	-14
 343	157709	66086	-8	-14
 344	158907	66472	-8	-14
 345	159680	66780	-8	-14
 346	160431	67060	-8	-14
 347	161026	67368	-8	-14
 348	161759	67648	-8	-14
 349	162446	67907	-8	-14
 350	162719	67919	-8	-14
 351	163006	67927	-8	-14
 352	163767	68237	-8	-14
 353	164504	68515	-8	-14
 354	165786	68955	-8	-14
 355	167479	69472	-8	-14
 356	168716	69902	-8	-14
 357	169467	70183	-8	-14
 358	169832	70458	-8	-14
 359	170094	70475	-8	-14
 360	170857	70857	-8	-14
 361	170970	70868	-8	-14
 362	171324	71143	-8	-14
 363	172069	71505	-8	-14
 364	172844	71883	-8	-14
 365	172915	71908	-8	-14
 366	173678	72175	-8	-14
 367	174495	72553	-8	-14
 368	175188	72838	-8	-14
 369	175933	73188	-8	-14
 370	176722	73546	-8	-14
 371	177447	73877	-8	-14
 372	178220	74207	-8	-14
 373	178941	74525	-8	-14
 374	179271	74778	-8	-14
 375	180493	75235	-8	-14
 376	180806	75472	-8	-14
 377	181139	75718	-8	-14
 378	181880	76273	-8	-14
 379	182216	76365	-8	-14
 380	182286	76386	-8	-14
 381	183007	76704	-8	-14
 382	183754	76985	-8	-14
 383	184465	77281	-8	-14
 384	185164	77552	-8	-14
 385	185791	77867	-8	-14
 386	186482	78114	-8	-14
 387	187141	78445	-8	-14
 388	187840	78959	-8	-14
 389	188178	79058	-8	-14
 390	188913	79364	-8	-14
 391	189536	79655	-8	-14
 392	190243	79942	-8	-14
 393	190596	80205	-8	-14
 394	191325	80542	-8	-14
 395	192076	80856	-8	-14
 396	192753	81138	-8	-14
 397	193388	81449	-8	-14
 398	194511	81816	-8	-14
 399	195264	82115	-8	-14
 400	195995	82470	-8	-14
 401	196740	82809	-8	-14
 402	197447	83093	-8	-14
 403	198036	83337	-8	-14
 404	198675	83635	-8	-14
 405	199370	83896	-8	-14
 406	200111	84186	-8	-14
 407	200768	84440	-8	-14
 408	200835	84459	-8	-14
 409	201506	84750	-8	-14
 410	202253	85081	-8	-14
 411	202353	85096	-8	-14
 412	203124	85382	-8	-14
 413	203749	85653	-8	-14
 414	204528	85954	-8	-14
 415	205173	86226	-8	-14
 416	205978	86553	-8	-14
 417	206673	86876	-8	-14
 418	207428	87232	-8	-14
 419	207510	87245	-8	-14
 420	208219	87549	-8	-14
 421	208574	87827	-8	-14
 422	208661	87832	-8	-14
 423	209378	88196	-8	-14
 424	210081	88473	-8	-14
 425	210774	88729	-8	-14
 426	211118	88994	-8	-14
 427	211873	89274	-8	-14
 428	212534	89592	-8	-14
 429	213311	89894	-8	-14
 430	214038	90212	-8	-14
 431	214775	90537	-8	-14
 432	215528	90867	-8	-14
 433	216271	91186	-8	-14
 434	216910	91457	-8	-14
 435	217649	91770	-8	-14
 436	217986	92028	-8	-14
 437	219007	92413	-8	-14
 438	219716	92694	-8	-14
 439	220491	93001	-8	-14
 440	221190	93298	-8	-14
 441	221923	93580	-8	-14
 442	222684	93897	-8	-14
 443	223335	94182	-8	-14
 444	224070	94724	-8	-14
 445	224389	94807	-8	-14
 446	225186	95131	-8	-14
 447	225933	95438	-8	-14
 448	227083	95845	-8	-14
 449	227742	96097	-8	-14
 450	228487	96394	-8	-14
 451	228596	96418	-8	-14
 452	229229	96679	-8	-14
 453	229956	96969	-8	-14
 454	230579	97232	-8	-14
 455	231294	97540	-8	-14
 456	231653	97814	-8	-14
 457	232366	98109	-8	-14
 458	233041	98406	-8	-14
 459	233820	98721	-8	-14
 460	234471	98975	-8	-14
 461	235194	99291	-8	-14
 462	235939	99583	-8	-14
 463	236638	100098	-8	-14
 464	236957	100184	-8	-14
 465	237674	100549	-8	-14
 466	238423	100848	-8	-14
 467	239152	101110	-8	-14
 468	239853	101454	-8	-14
 469	240464	101732	-8	-14
 470	241083	101998	-8	-14
 471	241836	102292	-8	-14
 472	242557	102554	-8	-14
 473	243300	102846	-8	-14
 474	243422	102872	-8	-14
 475	244131	103165	-8	-14
 476	244444	103399	-8	-14
 477	244808	103685	-8	-14
 478	245121	103929	-8	-14
 479	245812	104219	-8	-14
 480	246513	104520	-8	-14
 481	247168	104804	-8	-14
 482	247478	105043	-8	-14
 483	248119	105302	-8	-14
 484	248848	105581	-8	-14
 485	249501	105868	-8	-14
 486	250140	106130	-8	-14
 487	250813	106402	-8	-14
 488	251408	106641	-8	-14
 489	252049	106895	-8	-14
 490	252766	107204	-8	-14
 491	253537	107497	-8	-14
 492	254274	107801	-8	-14
 493	254883	108030	-8	-14
 494	255510	108291	-8	-14
 495	256221	108555	-8	-14
 496	256288	108566	-8	-14
 497	257023	108845	-8	-14
 498	257764	109132	-8	-14
 499	258479	109415	-8	-14
 500	259164	109683	-8	-14
 501	260215	110026	-8	-14
 502	260940	110312	-8	-14
 503	261763	110672	-8	-14
 504	262480	111202	-8	-14
 505	262630	111218	-8	-14
 506	263327	111503	-8	-14
 507	263940	111745	-8	-14
 508	264283	111997	-8	-14
 509	265038	112284	-8	-14
 510	265372	112538	-8	-14
 511	266459	112926	-8	-14
 512	267176	113224	-8	-14
 513	267863	113585	-8	-14
 514	268560	113926	-8	-14
 515	269353	114252	-8	-14
 516	270404	114614	-8	-14
 517	270621	114662	-8	-14
 518	271364	114962	-8	-14
 519	271987	115259	-8	-14
 520	272300	115497	-8	-14
 521	273021	115779	-8	-14
 522	273700	116055	-8	-14
 523	273773	116060	-8	-14
 524	274420	116381	-8	-14
 525	275061	116616	-8	-14
 526	275760	116889	-8	-14
 527	276491	117181	-8	-14
 528	277228	117464	-8	-14
 529	277953	117749	-8	-14
 530	278040	117756	-8	-14
 531	278655	118011	-8	-14
 532	278742	118018	-8	-14
 533	279988	118456	-8	-14
 534	280673	118751	-8	-14
 535	281404	119045	-8	-14
 536	282163	119358	-8	-14
 537	282508	119410	-8	-14
 538	283215	119690	-8	-14
 539	283890	119957	-8	-14
 540	284625	120248	-8	-14
 541	285346	120531	-8	-14
 542	286077	120822	-8	-14
 543	286830	121123	-8	-14
 544	287585	121412	-8	-14
 545	288585	121788	-8	-14
 546	288707	121800	-8	-14
 547	289424	122080	-8	-14
 548	290424	122570	-8	-14
 549	291655	122972	-8	-14
 550	291999	123225	-8	-14
 551	292712	123505	-8	-14
 552	293634	123819	-8	-14
 553	294721	124208	-8	-14
 554	295424	124491	-8	-14
 555	296033	124724	-8	-14
 556	296750	125003	-8	-14
 557	297465	125324	-8	-14
 558	298182	125603	-8	-14
 559	299302	125965	-8	-14
 560	299999	126236	-8	-14
 561	300349	126507	-8	-14
 562	301018	126762	-8	-14
 563	302201	127183	-8	-14
 564	302912	127467	-8	-14
 565	304125	127815	-8	-14
 566	304446	127895	-8	-14
 567	305356	128241	-8	-14
 568	306009	128530	-8	-14
 569	306798	128929	-8	-14
 570	307615	129276	-8	-14
 571	308300	129570	-8	-14
 572	309005	129854	-8	-14
 573	309624	130093	-8	-14
 574	309959	130352	-8	-14
 575	310594	130688	-8	-14
 576	311209	130924	-8	-14
 577	311415	130943	-8	-14
 578	312070	131202	-8	-14
 579	312167	131214	-8	-14
 580	312932	131492	-8	-14
 581	313639	131767	-8	-14
 582	314690	132107	-8	-14
 583	315415	132391	-8	-14
 584	316448	132709	-8	-14
 585	317183	133060	-8	-14
 586	317894	133341	-8	-14
 587	318780	133638	-8	-14
 588	319375	133858	-8	-14
 589	320102	134143	-8	-14
 590	320219	134169	-8	-14
 591	320958	134504	-8	-14
 592	321677	134805	-8	-14
 593	322770	135167	-8	-14
 594	322881	135182	-8	-14
 595	323596	135461	-8	-14
 596	323918	135699	-8	-14
 597	324609	136007	-8	-14
 598	325322	136288	-8	-14
 599	326047	136559	-8	-14
 600	327206	136949	-8	-14
 601	327845	137214	-8	-14
 602	328578	137494	-8	-14
 603	329313	137799	-8	-14
 604	329654	138067	-8	-14
 605	330395	138346	-8	-14
 606	330723	138598	-8	-14
 607	330809	138606	-8	-14
 608	331512	138878	-8	-14
 609	332253	139197	-8	-14
 610	333064	139501	-8	-14
 611	334226	139909	-8	-14
 612	335280	140261	-8	-14
 613	336448	140662	-8	-14
 614	337193	140950	-8	-14
 615	337952	141269	-8	-14
 616	338763	141611	-8	-14
 617	339988	142028	-8	-14
 618	340693	142380	-8	-14
 619	341006	142440	-8	-14
 620	341663	142541	-8	-14
 621	341850	142588	-8	-14
 622	342547	142858	-8	-14
 623	342904	142879	-8	-14
 624	343300	143188	-8	-14
 625	344300	143508	-8	-14
 626	345510	143882	-8	-14
 627	346738	144295	-8	-14
 628	347387	144620	-8	-14
 629	348162	144930	-8	-14
 630	348833	145203	-8	-14
 631	350058	145630	-8	-14
 632	350831	145948	-8	-14
 633	351516	146292	-8	-14
 634	352486	146618	-8	-14
 635	353241	68490	-4	-24
 636	353632	68490	-4	-24
 637	354439	68490	-4	-24
 638	355184	68490	-4	-24
 639	355564	68490	-4	-24
 640	356311	68490	-4	-24
 641	357040	68490	-4	-24
 642	357759	68490	-4	-24
 643	358580	68490	-4	-24
 644	358969	68490	-4	-24
 645	359678	68490	-4	-24
 646	360489	68490	-4	-24
 647	361302	68490	-4	-24
 648	361679	68490	-4	-24
 649	362402	68490	-4	-24
 650	363225	68490	-4	-24
 651	364038	68490	-4	-24
 652	364855	68490	-4	-24
 653	365217	68490	-4	-24
 654	365972	68490	-4	-24
 655	366703	68490	-4	-24
 656	367444	68490	-4	-24
 657	368147	68490	-4	-24
 658	368898	68490	-4	-24
 659	369667	68490	-4	-24
 660	370045	68490	-4	-24
 661	370828	68490	-4	-24
 662	371655	68490	-4	-24
 663	372470	68490	-4	-24
 664	372855	68490	-4	-24
 665	373608	68490	-4	-24
 666	374489	68490	-4	-24
 667	375208	68490	-4	-24
 668	376478	68490	-4	-24
 669	377177	68490	-4	-24
 670	378002	68490	-4	-24
 671	378805	68490	-4	-24
 672	379624	68490	-4	-24
 673	380816	68490	-4	-24
 674	380931	68490	-4	-24
 675	381296	68490	-4	-24
 676	382069	68490	-4	-24
 677	382780	68490	-4	-24
 678	383567	68490	-4	-24
 679	384288	68490	-4	-24
 680	384662	68490	-4	-24
 681	385477	68490	-4	-24
 682	386248	68490	-4	-24
 683	386368	68490	-4	-24
 684	387175	68490	-4	-24
 685	387898	68490	-4	-24
 686	388625	68490	-4	-24
 687	389422	68490	-4	-24
 688	390467	68490	-4	-24
 689	391316	68490	-4	-24
 690	392047	68490	-4	-24
 691	392417	68490	-4	-24
 692	392532	68490	-4	-24
 693	393241	68490	-4	-24
 694	393970	68490	-4	-24
 695	394717	68490	-4	-24
 696	395520	68490	-4	-24
 697	396337	68490	-4	-24
 698	397168	68490	-4	-24
 699	397885	68490	-4	-24
 700	398694	68490	-4	-24
 701	399053	68490	-4	-24
 702	399822	68490	-4	-24
 703	400619	68490	-4	-24
 704	401372	68490	-4	-24
 705	402213	68490	-4	-24
 706	402944	68490	-4	-24
 707	403669	68490	-4	-24
 708	403741	68490	-4	-24
 709	404486	68490	-4	-24
 710	405237	68490	-4	-24
 711	406028	68490	-4	-24
 712	406735	68490	-4	-24
 713	407476	68490	-4	-24
 714	407587	68490	-4	-24
 715	408326	68490	-4	-24
 716	409133	68490	-4	-24
 717	409526	68490	-4	-24
 718	410691	68490	-4	-24
 719	411438	68490	-4	-24
 720	412531	68490	-4	-24
 721	413591	68490	-4	-24
 722	414408	68490	-4	-24
 723	415609	68490	-4	-24
 724	415698	68490	-4	-24
 725	416479	68490	-4	-24
 726	417288	68490	-4	-24
 727	418043	68490	-4	-24
 728	418161	68490	-4	-24
 729	418906	68490	-4	-24
 730	419669	68490	-4	-24
 731	419785	68490	-4	-24
 732	420502	68490	-4	-24
 733	421319	68490	-4	-24
 734	422126	68490	-4	-24
 735	422491	68490	-4	-24
 736	422618	68490	-4	-24
 737	423004	68490	-4	-24
 738	423757	68490	-4	-24
 739	424889	68490	-4	-24
 740	425704	28157	-2	-27
 741	426089	28157	-2	-27
 742	426196	28157	-2	-27
 743	427011	28157	-2	-27
 744	427398	28157	-2	-27
 745	427505	28157	-2	-27
 746	428268	28157	-2	-27
 747	429101	28157	-2	-27
 748	429492	28157	-2	-27
 749	430253	28157	-2	-27
 750	430966	28157	-2	-27
 751	431687	28157	-2	-27
 752	432518	28157	-2	-27
 753	432892	28157	-2	-27
 754	433671	28157	-2	-27
 755	434366	28157	-2	-27
 756	434757	28157	-2	-27
 757	435552	28157	-2	-27
 758	435946	28157	-2	-27
 759	436763	28157	-2	-27
 760	437548	28157	-2	-27
 761	437657	28157	-2	-27
 762	438412	28157	-2	-27
 763	438783	28157	-2	-27
 764	439528	28157	-2	-27
 765	440333	28157	-2	-27
 766	440704	28157	-2	-27
 767	441445	28157	-2	-27
 768	442230	28157	-2	-27
 769	443071	28157	-2	-27
 770	443834	28157	-2	-27
 771	444681	28157	-2	-27
 772	445520	28157	-2	-27
 773	445883	28157	-2	-27
 774	446730	28157	-2	-27
 775	447549	28157	-2	-27
 776	448296	28157	-2	-27
 777	449045	28157	-2	-27
 778	449782	28157	-2	-27
 779	450617	28157	-2	-27
 780	451430	28157	-2	-27
 781	452157	28157	-2	-27
 782	452525	28157	-2	-27
 783	453324	28157	-2	-27
 784	454037	28157	-2	-27
 785	454910	28157	-2	-27
 786	455627	28157	-2	-27
 787	456358	28157	-2	-27
 788	457183	28157	-2	-27
 789	457984	28157	-2	-27
 790	458385	28157	-2	-27
 791	459142	28157	-2	-27
 792	459977	28157	-2	-27
 793	460702	28157	-2	-27
 794	461575	28157	-2	-27
 795	461683	28157	-2	-27
 796	462428	28157	-2	-27
 797	462826	28157	-2	-27
 798	463188	28157	-2	-27
 799	464073	28157	-2	-27
 800	464888	28157	-2	-27
 801	465713	28157	-2	-27
 802	466884	28157	-2	-27
 803	467713	28157	-2	-27
 804	468544	28157	-2	-27
 805	469393	28157	-2	-27
 806	470214	28157	-2	-27
 807	471568	28157	-2	-27
 808	472427	28157	-2	-27
 809	473210	28157	-2	-27
 810	473323	28157	-2	-27
 811	473698	28157	-2	-27
 812	474527	28157	-2	-27
 813	475316	28157	-2	-27
 814	476193	28157	-2	-27
 815	476589	28157	-2	-27
 816	477354	28157	-2	-27
 817	478183	28157	-2	-27
 818	478578	28157	-2	-27
 819	479403	28157	-2	-27
 820	479510	28157	-2	-27
 821	479619	28157	-2	-27
 822	480380	28157	-2	-27
 823	481237	28157	-2	-27
 824	481635	28157	-2	-27
 825	482815	28157	-2	-27
 826	483560	28157	-2	-27
 827	484734	28157	-2	-27
 828	484843	28157	-2	-27
 829	485666	28157	-2	-27
 830	486056	28157	-2	-27
 831	486799	28157	-2	-27
 832	487632	28157	-2	-27
 833	487717	28157	-2	-27
 834	488576	28157	-2	-27
 835	489373	28157	-2	-27
 836	490212	28157	-2	-27
 837	491033	28157	-2	-27
 838	491419	28157	-2	-27
 839	491830	28157	-2	-27
 840	492599	28157	-2	-27
 841	493368	28157	-2	-27
 842	494155	28157	-2	-27
 843	494900	28157	-2	-27
 844	495733	28157	-2	-27
 845	496135	28157	-2	-27
 846	496962	28157	-2	-27
 847	497363	28157	-2	-27
 848	498256	28157	-2	-27
 849	499089	28157	-2	-27
 850	499844	28157	-2	-27
 851	500669	28157	-2	-27
 852	501540	28157	-2	-27
 853	502327	28157	-2	-27
 854	503158	28157	-2	-27
 855	503546	28157	-2	-27
 856	504399	28157	-2	-27
 857	505240	28157	-2	-27
 858	505637	28157	-2	-27
 859	506462	28157	-2	-27
 860	507293	28157	-2	-27
 861	508086	28157	-2	-27
 862	508925	28157	-2	-27
 863	509644	28157	-2	-27
 864	510393	28157	-2	-27
 865	511172	28157	-2	-27
 866	512355	28157	-2	-27
 867	513176	28157	-2	-27
 868	513401	28157	-2	-27
 869	514262	28157	-2	-27
 870	514682	28157	-2	-27
 871	515567	28157	-2	-27
 872	515677	28157	-2	-27
 873	516428	28157	-2	-27
 874	516828	28157	-2	-27
 875	517679	28157	-2	-27
 876	518488	28157	-2	-27
 877	519343	28157	-2	-27
 878	520196	28157	-2	-27
 879	520287	28157	-2	-27
 880	521452	28157	-2	-27
 881	522303	28157	-2	-27
 882	523186	28157	-2	-27
 883	524450	28157	-2	-27
 884	525247	28157	-2	-27
 885	526346	28157	-2	-27
 886	526757	28157	-2	-27
 887	526857	28157	-2	-27
 888	527277	28157	-2	-27
 889	528162	28157	-2	-27
 890	529043	28157	-2	-27
 891	529848	28157	-2	-27
 892	531193	28157	-2	-27
 893	531289	28157	-2	-27
 894	532088	28157	-2	-27
 895	532197	28157	-2	-27
 896	533028	28157	-2	-27
 897	533791	28157	-2	-27
 898	534698	28157	-2	-27
 899	535477	28157	-2	-27
 900	535907	28157	-2	-27
 901	536676	28157	-2	-27
 902	537515	28157	-2	-27
 903	538344	28157	-2	-27
 904	538733	28157	-2	-27
 905	539482	28157	-2	-27
 906	540361	28157	-2	-27
 907	541610	28157	-2	-27
 908	542784	28157	-2	-27
 909	543979	28157	-2	-27
 910	544830	28157	-2	-27
 911	545635	28157	-2	-27
 912	546434	28157	-2	-27
 913	547319	28157	-2	-27
 914	548162	28157	-2	-27
 915	549031	28157	-2	-27
 916	549864	28157	-2	-27
 917	550266	28157	-2	-27
 918	550691	28157	-2	-27
 919	551558	28157	-2	-27
 920	552397	28157	-2	-27
 921	552813	28157	-2	-27
 922	554017	28157	-2	-27
 923	554904	28157	-2	-27
 924	555673	28157	-2	-27
 925	556538	28157	-2	-27
 926	557299	28157	-2	-27
 927	558170	28157	-2	-27
 928	559419	28157	-2	-27
 929	561128	28157	-2	-27
 930	561429	28157	-2	-27
 931	562789	28157	-2	-27
 932	564155	28157	-2	-27
 933	565032	28157	-2	-27
 934	565727	28157	-2	-27
 935	566616	28157	-2	-27
 936	567495	28157	-2	-27
 937	568360	28157	-2	-27
 938	569205	28157	-2	-27
 939	570098	28157	-2	-27
 940	570468	28157	-2	-27
 941	571331	28157	-2	-27
 942	572122	28157	-2	-27
 943	572973	28157	-2	-27
 944	573353	28157	-2	-27
 945	574218	28157	-2	-27
 946	574600	28157	-2	-27
 947	575471	28157	-2	-27
 948	576330	28157	-2	-27
 949	577573	28157	-2	-27
 950	578388	28157	-2	-27
 951	578484	28157	-2	-27
 952	579307	28157	-2	-27
 953	580688	28157	-2	-27
 954	581517	28157	-2	-27
 955	582384	28157	-2	-27
 956	582751	28157	-2	-27
 957	583630	28157	-2	-27
 958	584459	28157	-2	-27
 959	585354	28157	-2	-27
 960	586534	28157	-2	-27
 961	586912	28157	-2	-27
 962	587295	28157	-2	-27
 963	588577	28157	-2	-27
 964	589398	28157	-2	-27
 965	590287	28157	-2	-27
 966	591440	28157	-2	-27
 967	592305	28157	-2	-27
 968	593184	28157	-2	-27
 969	593602	28157	-2	-27
 970	593695	28157	-2	-27
 971	594824	28157	-2	-27
 972	595647	28157	-2	-27
 973	596041	28157	-2	-27
 974	596912	28157	-2	-27
 975	597310	28157	-2	-27
 976	598559	28157	-2	-27
 977	598948	28157	-2	-27
 978	599883	28157	-2	-27
 979	600636	28157	-2	-27
 980	601034	28157	-2	-27
 981	601237	28157	-2	-27
 982	602076	28157	-2	-27
 983	602855	28157	-2	-27
 984	603622	28157	-2	-27
 985	604389	28157	-2	-27
 986	605587	28157	-2	-27
 987	605975	28157	-2	-27
 988	606822	28157	-2	-27
 989	607647	28157	-2	-27
 990	608500	28157	-2	-27
 991	609761	28157	-2	-27
 992	610592	28157	-2	-27
 993	611357	28157	-2	-27
 994	612184	28157	-2	-27
 995	612951	28157	-2	-27
 996	613387	28157	-2	-27
 997	614654	28157	-2	-27
 998	615389	28157	-2	-27
 999	615471	28157	-2	-27
 1000	615582	28157	-2	-27
 1001	615803	28157	-2	-27
 1002	615916	28157	-2	-27
 1003	616334	28157	-2	-27
 1004	617213	28157	-2	-27
 1005	618086	28157	-2	-27
 1006	618467	28157	-2	-27
 1007	619322	28157	-2	-27
 1008	620137	28157	-2	-27
 1009	620908	28157	-2	-27
 1010	621797	28157	-2	-27
 1011	622570	28157	-2	-27
 1012	622674	28157	-2	-27
 1013	623525	28157	-2	-27
 1014	624418	28157	-2	-27
 1015	625299	28157	-2	-27
 1016	626150	28157	-2	-27
 1017	626953	28157	-2	-27
 1018	627798	28157	-2	-27
 1019	628999	28157	-2	-27
 1020	629786	28157	-2	-27
 1021	630679	28157	-2	-27
 1022	631066	28157	-2	-27
 1023	631915	28157	-2	-27
 1024	632720	28157	-2	-27
 1025	633555	28157	-2	-27
 1026	634414	28157	-2	-27
 1027	634680	28157	-2	-27
 1028	635513	28157	-2	-27
 1029	636374	28157	-2	-27
 1030	636821	28157	-2	-27
 1031	637096	28157	-2	-27
 1032	638019	28157	-2	-27
 1033	638818	28157	-2	-27
 1034	638910	28157	-2	-27
 1035	639789	28157	-2	-27
 1036	640660	28157	-2	-27
 1037	641509	28157	-2	-27
 1038	642284	28157	-2	-27
 1039	643057	28157	-2	-27
 1040	643914	28157	-2	-27
 1041	644769	28157	-2	-27
 1042	645588	28157	-2	-27
 1043	646439	28157	-2	-27
 1044	647234	28157	-2	-27
 1045	647341	28157	-2	-27
 1046	647739	28157	-2	-27
 1047	648554	28157	-2	-27
 1048	649393	28157	-2	-27
 1049	650570	28157	-2	-27
 1050	650967	28157	-2	-27
 1051	652150	28157	-2	-27
 1052	652911	28157	-2	-27
 1053	653301	28157	-2	-27
 1054	653723	28157	-2	-27
 1055	654582	28157	-2	-27
 1056	654975	28157	-2	-27
 1057	655762	28157	-2	-27
 1058	655870	28157	-2	-27
 1059	656282	28157	-2	-27
 1060	656591	28157	-2	-27
 1061	657446	28157	-2	-27
 1062	658285	28157	-2	-27
 1063	659150	28157	-2	-27
 1064	659529	28157	-2	-27
 1065	660751	28157	-2	-27
 1066	661596	28157	-2	-27
 1067	662010	28157	-2	-27
 1068	662797	28157	-2	-27
 1069	663714	28157	-2	-27
 1070	664119	28157	-2	-27
 1071	664868	28157	-2	-27
 1072	665745	28157	-2	-27
 1073	666163	28157	-2	-27
 1074	666972	28157	-2	-27
 1075	667831	28157	-2	-27
 1076	668650	28157	-2	-27
 1077	669535	28157	-2	-27
 1078	669952	28157	-2	-27
 1079	670360	28157	-2	-27
 1080	670775	28157	-2	-27
 1081	671648	28157	-2	-27
 1082	672527	28157	-2	-27
 1083	672947	28157	-2	-27
 1084	673742	28157	-2	-27
 1085	674617	28157	-2	-27
 1086	675033	28157	-2	-27
 1087	675329	28157	-2	-27
 1088	676206	28157	-2	-27
 1089	677105	28157	-2	-27
 1090	677534	28157	-2	-27
 1091	678831	28157	-2	-27
 1092	679706	28157	-2	-27
 1093	680631	28157	-2	-27
 1094	681480	28157	-2	-27
 1095	682357	28157	-2	-27
 1096	682772	28157	-2	-27
 1097	683647	28157	-2	-27
 1098	684087	28157	-2	-27
 1099	684956	28157	-2	-27
 1100	685364	28157	-2	-27
 1101	686231	28157	-2	-27
 1102	687042	28157	-2	-27
 1103	687789	28157	-2	-27
 1104	688694	28157	-2	-27
 1105	689114	28157	-2	-27
 1106	690003	28157	-2	-27
 1107	690900	28157	-2	-27
 1108	691332	28157	-2	-27
 1109	692221	28157	-2	-27
 1110	692649	28157	-2	-27
 1111	693510	28157	-2	-27
 1112	694780	28157	-2	-27
 1113	695619	28157	-2	-27
 1114	696006	28157	-2	-27
 1115	696897	28157	-2	-27
 1116	697692	28157	-2	-27
 1117	698019	28157	-2	-27
 1118	698922	28157	-2	-27
 1119	699719	28157	-2	-27
 1120	701224	28157	-2	-27
 1121	702053	28157	-2	-27
 1122	702882	28157	-2	-27
 1123	704278	28157	-2	-27
 1124	705143	28157	-2	-27
 1125	705551	28157	-2	-27
 1126	706468	28157	-2	-27
 1127	707321	28157	-2	-27
 1128	707750	28157	-2	-27
 1129	708607	28157	-2	-27
 1130	709520	28157	-2	-27
 1131	709936	28157	-2	-27
 1132	710731	28157	-2	-27
 1133	711652	28157	-2	-27
 1134	712487	28157	-2	-27
 1135	713865	28157	-2	-27
 1136	714265	28157	-2	-27
 1137	715138	28157	-2	-27
 1138	715542	28157	-2	-27
 1139	715984	28157	-2	-27
 1140	716811	28157	-2	-27
 1141	717584	28157	-2	-27
 1142	718447	28157	-2	-27
 1143	718847	28157	-2	-27
 1144	719622	28157	-2	-27
 1145	720513	28157	-2	-27
 1146	721400	28157	-2	-27
 1147	722592	28157	-2	-27
 1148	723006	28157	-2	-27
 1149	723438	28157	-2	-27
 1150	724237	28157	-2	-27
 1151	725084	28157	-2	-27
 1152	725486	28157	-2	-27
 1153	726335	28157	-2	-27
 1154	727214	28157	-2	-27
 1155	728037	28157	-2	-27
 1156	728866	28157	-2	-27
 1157	729775	28157	-2	-27
 1158	730584	28157	-2	-27
 1159	731001	28157	-2	-27
 1160	731112	28157	-2	-27
 1161	731971	28157	-2	-27
 1162	732840	28157	-2	-27
 1163	733677	28157	-2	-27
 1164	734542	28157	-2	-27
 1165	734944	28157	-2	-27
 1166	735365	28157	-2	-27
 1167	735567	28157	-2	-27
 1168	736360	28157	-2	-27
 1169	737277	28157	-2	-27
 1170	738162	28157	-2	-27
 1171	739079	28157	-2	-27
 1172	739954	28157	-2	-27
 1173	740805	28157	-2	-27
 1174	741128	28157	-2	-27
 1175	742051	28157	-2	-27
 1176	742878	28157	-2	-27
 1177	743305	28157	-2	-27
 1178	743630	28157	-2	-27
 1179	744507	28157	-2	-27
 1180	745470	28157	-2	-27
 1181	746219	28157	-2	-27
 1182	747092	28157	-2	-27
 1183	747553	28157	-2	-27
 1184	748458	28157	-2	-27
 1185	749321	28157	-2	-27
 1186	749731	28157	-2	-27
 1187	750150	28157	-2	-27
 1188	751047	28157	-2	-27
 1189	751475	28157	-2	-27
 1190	752844	28157	-2	-27
 1191	753741	28157	-2	-27
 1192	754156	28157	-2	-27
 1193	754571	28157	-2	-27
 1194	755488	28157	-2	-27
 1195	756764	28157	-2	-27
 1196	757926	28157	-2	-27
 1197	758775	28157	-2	-27
 1198	759562	28157	-2	-27
 1199	760862	28157	-2	-27
 1200	761825	28157	-2	-27
 1201	762748	28157	-2	-27
 1202	763174	28157	-2	-27
 1203	763947	28157	-2	-27
 1204	764748	28157	-2	-27
 1205	765609	28157	-2	-27
 1206	765737	28157	-2	-27
 1207	766127	28157	-2	-27
 1208	766322	28157	-2	-27
 1209	767209	28157	-2	-27
 1210	768084	28157	-2	-27
 1211	768989	28157	-2	-27
 1212	769822	28157	-2	-27
 1213	770220	28157	-2	-27
 1214	770667	28157	-2	-27
 1215	770780	28157	-2	-27
 1216	771663	28157	-2	-27
 1217	772094	28157	-2	-27
 1218	772937	28157	-2	-27
 1219	773337	28157	-2	-27
 1220	774154	28157	-2	-27
 1221	775027	28157	-2	-27
 1222	775908	28157	-2	-27
 1223	776309	28157	-2	-27
 1224	776746	28157	-2	-27
 1225	776851	28157	-2	-27
 1226	777241	28157	-2	-27
 1227	777373	28157	-2	-27
 1228	777789	28157	-2	-27
 1229	778642	28157	-2	-27
 1230	779493	28157	-2	-27
 1231	780446	28157	-2	-27
 1232	781335	28157	-2	-27
 1233	781729	28157	-2	-27
 1234	782132	28157	-2	-27
 1235	782963	28157	-2	-27
 1236	783072	28157	-2	-27
 1237	783955	28157	-2	-27
 1238	784740	28157	-2	-27
 1239	785635	28157	-2	-27
 1240	785766	28157	-2	-27
 1241	785874	28157	-2	-27
 1242	786683	28157	-2	-27
 1243	786815	28157	-2	-27
 1244	787256	28157	-2	-27
 1245	788637	28157	-2	-27
 1246	789518	28157	-2	-27
 1247	790455	28157	-2	-27
 1248	791394	28157	-2	-27
 1249	792321	28157	-2	-27
 1250	793216	28157	-2	-27
 1251	794035	28157	-2	-27
 1252	794930	28157	-2	-27
 1253	795805	28157	-2	-27
 1254	796682	28157	-2	-27
 1255	797089	28157	-2	-27
 1256	797998	28157	-2	-27
 1257	798423	28157	-2	-27
 1258	799298	28157	-2	-27
 1259	800173	28157	-2	-27
 1260	800601	28157	-2	-27
 1261	801458	28157	-2	-27
 1262	802313	28157	-2	-27
 1263	802713	28157	-2	-27
 1264	803117	28157	-2	-27
 1265	803978	28157	-2	-27
 1266	804070	28157	-2	-27
 1267	804176	28157	-2	-27
 1268	805073	28157	-2	-27
 1269	805202	28157	-2	-27
 1270	805987	28157	-2	-27
 1271	806099	28157	-2	-27
 1272	807060	28157	-2	-27
 1273	807959	28157	-2	-27
 1274	808792	28157	-2	-27
 1275	808900	28157	-2	-27
 1276	809727	28157	-2	-27
 1277	810031	28157	-2	-27
 1278	810892	28157	-2	-27
 1279	811755	28157	-2	-27
 1280	812158	28157	-2	-27
 1281	813037	28157	-2	-27
 1282	813904	28157	-2	-27
 1283	814651	28157	-2	-27
 1284	815554	28157	-2	-27
 1285	815688	28157	-2	-27
 1286	816120	28157	-2	-27
 1287	816903	28157	-2	-27
 1288	817690	28157	-2	-27
 1289	818601	28157	-2	-27
 1290	819502	28157	-2	-27
 1291	820401	28157	-2	-27
 1292	820507	28157	-2	-27
 1293	821370	28157	-2	-27
 1294	821816	28157	-2	-27
 1295	822209	28157	-2	-27
 1296	822317	28157	-2	-27
 1297	823290	28157	-2	-27
 1298	823483	28157	-2	-27
 1299	823929	28157	-2	-27
 1300	824842	28157	-2	-27
 1301	825293	28157	-2	-27
 1302	825964	28157	-2	-27
 1303	826857	28157	-2	-27
 1304	827696	28157	-2	-27
 1305	828087	28157	-2	-27
 1306	828908	28157	-2	-27
 1307	829331	28157	-2	-27
 1308	830160	28157	-2	-27
 1309	831079	28157	-2	-27
 1310	831926	28157	-2	-27
 1311	832329	28157	-2	-27
 1312	833533	28157	-2	-27
 1313	833640	28157	-2	-27
 1314	834505	28157	-2	-27
 1315	835474	28157	-2	-27
 1316	836331	28157	-2	-27
 1317	837162	28157	-2	-27
 1318	838019	28157	-2	-27
 1319	838424	28157	-2	-27
 1320	839197	28157	-2	-27
 1321	840020	28157	-2	-27
 1322	840885	28157	-2	-27
 1323	841752	28157	-2	-27
 1324	843055	28157	-2	-27
 1325	843888	28157	-2	-27
 1326	844771	28157	-2	-27
 1327	845209	28157	-2	-27
 1328	845313	28157	-2	-27
 1329	846583	28157	-2	-27
 1330	846976	28157	-2	-27
 1331	847292	28157	-2	-27
 1332	847417	28157	-2	-27
 1333	847791	28157	-2	-27
 1334	848618	28157	-2	-27
 1335	849553	28157	-2	-27
 1336	850402	28157	-2	-27
 1337	851269	28157	-2	-27
 1338	852124	28157	-2	-27
 1339	852911	28157	-2	-27
 1340	853798	28157	-2	-27
 1341	854227	28157	-2	-27
 1342	855156	28157	-2	-27
 1343	856047	28157	-2	-27
 1344	856475	28157	-2	-27
 1345	857350	28157	-2	-27
 1346	857784	28157	-2	-27
 1347	858563	28157	-2	-27
 1348	858983	28157	-2	-27
 1349	859407	28157	-2	-27
 1350	859838	28157	-2	-27
 1351	860259	28157	-2	-27
 1352	861060	28157	-2	-27
 1353	861889	28157	-2	-27
 1354	862866	28157	-2	-27
 1355	863753	28157	-2	-27
 1356	864646	28157	-2	-27
 1357	865093	28157	-2	-27
 1358	865506	28157	-2	-27
 1359	866327	28157	-2	-27
 1360	866459	28157	-2	-27
 1361	867250	28157	-2	-27
 1362	868141	28157	-2	-27
 1363	869016	28157	-2	-27
 1364	869125	28157	-2	-27
 1365	869533	28157	-2	-27
 1366	870424	28157	-2	-27
 1367	870530	28157	-2	-27
 1368	871425	28157	-2	-27
 1369	872334	28157	-2	-27
 1370	873129	28157	-2	-27
 1371	874032	28157	-2	-27
 1372	874853	28157	-2	-27
 1373	875636	28157	-2	-27
 1374	876059	28157	-2	-27
 1375	876836	28157	-2	-27
 1376	877655	28157	-2	-27
 1377	879018	28157	-2	-27
 1378	879973	28157	-2	-27
 1379	880866	28157	-2	-27
 1380	881229	28157	-2	-27
 1381	881354	28157	-2	-27
 1382	882337	28157	-2	-27
 1383	883248	28157	-2	-27
 1384	884167	28157	-2	-27
 1385	884610	28157	-2	-27
 1386	885417	28157	-2	-27
 1387	886168	28157	-2	-27
 1388	886573	28157	-2	-27
 1389	887446	28157	-2	-27
 1390	888848	28157	-2	-27
 1391	889735	28157	-2	-27
 1392	891029	28157	-2	-27
 1393	891994	28157	-2	-27
 1394	892735	28157	-2	-27
 1395	893634	28157	-2	-27
 1396	894061	28157	-2	-27
 1397	894496	28157	-2	-27
 1398	894603	28157	-2	-27
 1399	895063	28157	-2	-27
 1400	896000	28157	-2	-27
 1401	896413	28157	-2	-27
 1402	897376	28157	-2	-27
 1403	897802	28157	-2	-27
 1404	897910	28157	-2	-27
 1405	898373	28157	-2	-27
 1406	898477	28157	-2	-27
 1407	899292	28157	-2	-27
 1408	900147	28157	-2	-27
 1409	901032	28157	-2	-27
 1410	901961	28157	-2	-27
 1411	902710	28157	-2	-27
 1412	903505	28157	-2	-27
 1413	903949	28157	-2	-27
 1414	904860	28157	-2	-27
 1415	905779	28157	-2	-27
 1416	905887	28157	-2	-27
 1417	906800	28157	-2	-27
 1418	907729	28157	-2	-27
 1419	908984	28157	-2	-27
 1420	909851	28157	-2	-27
 1421	910796	28157	-2	-27
 1422	911621	28157	-2	-27
 1423	911748	28157	-2	-27
 1424	912697	28157	-2	-27
 1425	913042	28157	-2	-27
 1426	913501	28157	-2	-27
 1427	913606	28157	-2	-27
 1428	914963	28157	-2	-27
 1429	915377	28157	-2	-27
 1430	915477	28157	-2	-27
 1431	916468	28157	-2	-27
 1432	917311	28157	-2	-27
 1433	918200	28157	-2	-27
 1434	919159	28157	-2	-27
 1435	920375	28157	-2	-27
 1436	921684	28157	-2	-27
 1437	922571	28157	-2	-27
 1438	923877	28157	-2	-27
 1439	924644	28157	-2	-27
 1440	925529	28157	-2	-27
 1441	925978	28157	-2	-27
 1442	926951	28157	-2	-27
 1443	927944	28157	-2	-27
 1444	928417	28157	-2	-27
 1445	929362	28157	-2	-27
 1446	930215	28157	-2	-27
 1447	931126	28157	-2	-27
 1448	932025	28157	-2	-27
 1449	932156	28157	-2	-27
 1450	933093	28157	-2	-27
 1451	934046	28157	-2	-27
 1452	934163	28157	-2	-27
 1453	935110	28157	-2	-27
 1454	936075	28157	-2	-27
 1455	936974	28157	-2	-27
 1456	937833	28157	-2	-27
 1457	938714	28157	-2	-27
 1458	939141	28157	-2	-27
 1459	939251	28157	-2	-27
 1460	940140	28157	-2	-27
 1461	940559	28157	-2	-27
 1462	940754	28157	-2	-27
 1463	941183	28157	-2	-27
 1464	942044	28157	-2	-27
 1465	942951	28157	-2	-27
 1466	943359	28157	-2	-27
 1467	943751	28157	-2	-27
 1468	944686	28157	-2	-27
 1469	945101	28157	-2	-27
 1470	945938	28157	-2	-27
 1471	946829	28157	-2	-27
 1472	947700	28157	-2	-27
 1473	948677	28157	-2	-27
 1474	949468	28157	-2	-27
 1475	950309	28157	-2	-27
 1476	950702	28157	-2	-27
 1477	951607	28157	-2	-27
 1478	952500	28157	-2	-27
 1479	953433	28157	-2	-27
 1480	953536	28157	-2	-27
 1481	953680	28157	-2	-27
 1482	954126	28157	-2	-27
 1483	955049	28157	-2	-27
 1484	955425	28157	-2	-27
 1485	956282	28157	-2	-27
 1486	956671	28157	-2	-27
 1487	958001	28157	-2	-27
 1488	958412	28157	-2	-27
 1489	959367	28157	-2	-27
 1490	959498	28157	-2	-27
 1491	960291	28157	-2	-27
 1492	961066	28157	-2	-27
 1493	962288	28157	-2	-27
 1494	963147	28157	-2	-27
 1495	963622	28157	-2	-27
 1496	963723	28157	-2	-27
 1497	963809	28157	-2	-27
 1498	964784	28157	-2	-27
 1499	965585	28157	-2	-27
 1500	966536	28157	-2	-27
 1501	967415	28157	-2	-27
 1502	968272	28157	-2	-27
 1503	968698	28157	-2	-27
 1504	969120	28157	-2	-27
 1505	969981	28157	-2	-27
 1506	970896	28157	-2	-27
 1507	971817	28157	-2	-27
 1508	971954	28157	-2	-27
 1509	972061	28157	-2	-27
 1510	972938	28157	-2	-27
 1511	973749	28157	-2	-27
 1512	974706	28157	-2	-27
 1513	975529	28157	-2	-27
 1514	976452	28157	-2	-27
 1515	976655	28157	-2	-27
 1516	977620	28157	-2	-27
 1517	978106	28157	-2	-27
 1518	978550	28157	-2	-27
 1519	979943	28157	-2	-27
 1520	980826	28157	-2	-27
 1521	981241	28157	-2	-27
 1522	981348	28157	-2	-27
 1523	982295	28157	-2	-27
 1524	983296	28157	-2	-27
 1525	983410	28157	-2	-27
 1526	983542	28157	-2	-27
 1527	984385	28157	-2	-27
 1528	985260	28157	-2	-27
 1529	986095	28157	-2	-27
 1530	987030	28157	-2	-27
 1531	987863	28157	-2	-27
 1532	988658	28157	-2	-27
 1533	989517	28157	-2	-27
 1534	990452	28157	-2	-27
 1535	991239	28157	-2	-27
 1536	991674	28157	-2	-27
 1537	991788	28157	-2	-27
 1538	992757	28157	-2	-27
 1539	993158	28157	-2	-27
 1540	994075	28157	-2	-27
 1541	994940	28157	-2	-27
 1542	995833	28157	-2	-27
 1543	996257	28157	-2	-27
 1544	996360	28157	-2	-27
 1545	996488	28157	-2	-27
 1546	997433	28157	-2	-27
 1547	997566	28157	-2	-27
 1548	997677	28157	-2	-27
 1549	999494	28157	-2	-27
 1550	1000375	28157	-2	-27
 1551	1000481	28157	-2	-27
 1552	1000868	28157	-2	-27
 1553	1001258	28157	-2	-27
 1554	1001645	28157	-2	-27
 1555	1002538	28157	-2	-27
 1556	1002642	28157	-2	-27
 1557	1003525	28157	-2	-27
 1558	1003930	28157	-2	-27
 1559	1005260	28157	-2	-27
 1560	1006093	28157	-2	-27
 1561	1007000	28157	-2	-27
 1562	1007841	28157	-2	-27
 1563	1009231	28157	-2	-27
 1564	1010178	28157	-2	-27
 1565	1011045	28157	-2	-27
 1566	1012006	28157	-2	-27
 1567	1012969	28157	-2	-27
 1568	1013420	28157	-2	-27
 1569	1013493	28157	-2	-27
 1570	1014412	28157	-2	-27
 1571	1015361	28157	-2	-27
 1572	1016248	28157	-2	-27
 1573	1017129	28157	-2	-27
 1574	1018048	28157	-2	-27
 1575	1018933	28157	-2	-27
 1576	1019140	28157	-2	-27
 1577	1019273	28157	-2	-27
 1578	1019707	28157	-2	-27
 1579	1020147	28157	-2	-27
 1580	1020257	28157	-2	-27
 1581	1020374	28157	-2	-27
 1582	1021247	28157	-2	-27
 1583	1022036	28157	-2	-27
 1584	1022427	28157	-2	-27
 1585	1023298	28157	-2	-27
 1586	1023677	28157	-2	-27
 1587	1024684	28157	-2	-27
 1588	1024789	28157	-2	-27
 1589	1025646	28157	-2	-27
 1590	1026637	28157	-2	-27
 1591	1028012	28157	-2	-27
 1592	1029417	28157	-2	-27
 1593	1030228	28157	-2	-27
 1594	1030579	28157	-2	-27
 1595	1031486	28157	-2	-27
 1596	1032726	28157	-2	-27
 1597	1033657	28157	-2	-27
 1598	1034490	28157	-2	-27
 1599	1035221	28157	-2	-27
 1600	1035537	28157	-2	-27
 1601	1036290	28157	-2	-27
 1602	1037219	28157	-2	-27
 1603	1038072	28157	-2	-27
 1604	1038923	28157	-2	-27
 1605	1039852	28157	-2	-27
 1606	1040276	28157	-2	-27
 1607	1041047	28157	-2	-27
 1608	1041156	28157	-2	-27
 1609	1041997	28157	-2	-27
 1610	1042848	28157	-2	-27
 1611	1043627	28157	-2	-27
 1612	1044486	28157	-2	-27
 1613	1045391	28157	-2	-27
 1614	1045529	28157	-2	-27
 1615	1045887	28157	-2	-27
 1616	1046312	28157	-2	-27
 1617	1046423	28157	-2	-27
 1618	1047254	28157	-2	-27
 1619	1047687	28157	-2	-27
 1620	1048604	28157	-2	-27
 1621	1048730	28157	-2	-27
 1622	1049052	28157	-2	-27
 1623	1049939	28157	-2	-27
 1624	1050886	28157	-2	-27
 1625	1051005	28157	-2	-27
 1626	1051978	28157	-2	-27
 1627	1052086	28157	-2	-27
 1628	1052917	28157	-2	-27
 1629	1053366	28157	-2	-27
 1630	1054281	28157	-2	-27
 1631	1055186	28157	-2	-27
 1632	1056011	28157	-2	-27
 1633	1056464	28157	-2	-27
 1634	1056925	28157	-2	-27
 1635	1057892	28157	-2	-27
 1636	1057996	28157	-2	-27
 1637	1058109	28157	-2	-27
 1638	1059100	28157	-2	-27
 1639	1059909	28157	-2	-27
 1640	1060734	28157	-2	-27
 1641	1061153	28157	-2	-27
 1642	1062052	28157	-2	-27
 1643	1062991	28157	-2	-27
 1644	1064087	28157	-2	-27
 1645	1065014	28157	-2	-27
 1646	1065983	28157	-2	-27
 1647	1066858	28157	-2	-27
 1648	1067064	28157	-2	-27
 1649	1068283	28157	-2	-27
 1650	1069290	28157	-2	-27
 1651	1070255	28157	-2	-27
 1652	1070563	28157	-2	-27
 1653	1071470	28157	-2	-27
 1654	1072349	28157	-2	-27
 1655	1072437	28157	-2	-27
 1656	1073320	28157	-2	-27
 1657	1074295	28157	-2	-27
 1658	1074705	28157	-2	-27
 1659	1075484	28157	-2	-27
 1660	1076361	28157	-2	-27
 1661	1077126	28157	-2	-27
 1662	1078495	28157	-2	-27
 1663	1078830	28157	-2	-27
 1664	1079779	28157	-2	-27
 1665	1080816	28157	-2	-27
 1666	1080922	28157	-2	-27
 1667	1081913	28157	-2	-27
 1668	1082794	28157	-2	-27
 1669	1083659	28157	-2	-27
 1670	1084528	28157	-2	-27
 1671	1084642	28157	-2	-27
 1672	1084734	28157	-2	-27
 1673	1085601	28157	-2	-27
 1674	1086600	28157	-2	-27
 1675	1086995	28157	-2	-27
 1676	1087860	28157	-2	-27
 1677	1088817	28157	-2	-27
 1678	1089259	28157	-2	-27
 1679	1089650	28157	-2	-27
 1680	1090084	28157	-2	-27
 1681	1090983	28157	-2	-27
 1682	1091856	28157	-2	-27
 1683	1091978	28157	-2	-27
 1684	1093392	28157	-2	-27
 1685	1094355	28157	-2	-27
 1686	1094490	28157	-2	-27
 1687	1095361	28157	-2	-27
 1688	1095543	28157	-2	-27
 1689	1096861	28157	-2	-27
 1690	1097772	28157	-2	-27
 1691	1098204	28157	-2	-27
 1692	1099161	28157	-2	-27
 1693	1100020	28157	-2	-27
 1694	1100909	28157	-2	-27
 1695	1101890	28157	-2	-27
 1696	1102000	28157	-2	-27
 1697	1102835	28157	-2	-27
 1698	1103808	28157	-2	-27
 1699	1104134	28157	-2	-27
 1700	1105371	28157	-2	-27
 1701	1106346	28157	-2	-27
 1702	1107556	28157	-2	-27
 1703	1107942	28157	-2	-27
 1704	1108391	28157	-2	-27
 1705	1109300	28157	-2	-27
 1706	1110253	28157	-2	-27
 1707	1111122	28157	-2	-27
 1708	1112021	28157	-2	-27
 1709	1112800	28157	-2	-27
 1710	1113695	28157	-2	-27
 1711	1114488	28157	-2	-27
 1712	1115359	28157	-2	-27
 1713	1116443	28157	-2	-27
 1714	1117575	28157	-2	-27
 1715	1118418	28157	-2	-27
 1716	1119317	28157	-2	-27
 1717	1120234	28157	-2	-27
 1718	1120372	28157	-2	-27
 1719	1121141	28157	-2	-27
 1720	1121984	28157	-2	-27
 1721	1122955	28157	-2	-27
 1722	1123062	28157	-2	-27
 1723	1123439	28157	-2	-27
 1724	1123891	28157	-2	-27
 1725	1124267	28157	-2	-27
 1726	1125220	28157	-2	-27
 1727	1126043	28157	-2	-27
 1728	1126154	28157	-2	-27
 1729	1127017	28157	-2	-27
 1730	1127439	28157	-2	-27
 1731	1127630	28157	-2	-27
 1732	1128557	28157	-2	-27
 1733	1128900	28157	-2	-27
 1734	1129775	28157	-2	-27
 1735	1130217	28157	-2	-27
 1736	1130640	28157	-2	-27
 1737	1131469	28157	-2	-27
 1738	1132691	28157	-2	-27
 1739	1133556	28157	-2	-27
 1740	1134014	28157	-2	-27
 1741	1134987	28157	-2	-27
 1742	1135448	28157	-2	-27
 1743	1135655	28157	-2	-27
 1744	1136522	28157	-2	-27
 1745	1136658	28157	-2	-27
 1746	1137633	28157	-2	-27
 1747	1138029	28157	-2	-27
 1748	1139605	28157	-2	-27
 1749	1140508	28157	-2	-27
 1750	1141447	28157	-2	-27
 1751	1141756	28157	-2	-27
 1752	1142541	28157	-2	-27
 1753	1142922	28157	-2	-27
 1754	1143795	28157	-2	-27
 1755	1144151	28157	-2	-27
 1756	1144988	28157	-2	-27
 1757	1145448	28157	-2	-27
 1758	1145665	28157	-2	-27
 1759	1147208	28157	-2	-27
 1760	1147682	28157	-2	-27
 1761	1148619	28157	-2	-27
 1762	1149482	28157	-2	-27
 1763	1150297	28157	-2	-27
 1764	1150494	28157	-2	-27
 1765	1151445	28157	-2	-27
 1766	1151549	28157	-2	-27
 1767	1152360	28157	-2	-27
 1768	1153249	28157	-2	-27
 1769	1154624	28157	-2	-27
 1770	1155503	28157	-2	-27
 1771	1156432	28157	-2	-27
 1772	1157373	28157	-2	-27
 1773	1158318	28157	-2	-27
 1774	1159223	28157	-2	-27
 1775	1160006	28157	-2	-27
 1776	1160931	28157	-2	-27
 1777	1161377	28157	-2	-27
 1778	1162374	28157	-2	-27
 1779	1163303	28157	-2	-27
 1780	1164142	28157	-2	-27
 1781	1164977	28157	-2	-27
 1782	1165826	28157	-2	-27
 1783	1166136	28157	-2	-27
 1784	1166222	28157	-2	-27
 1785	1167119	28157	-2	-27
 1786	1168102	28157	-2	-27
 1787	1169043	28157	-2	-27
 1788	1169948	28157	-2	-27
 1789	1170145	28157	-2	-27
 1790	1170488	28157	-2	-27
 1791	1171493	28157	-2	-27
 1792	1172384	28157	-2	-27
 1793	1173217	28157	-2	-27
 1794	1174086	28157	-2	-27
 1795	1174470	28157	-2	-27
 1796	1175899	28157	-2	-27
 1797	1176007	28157	-2	-27
 1798	1176888	28157	-2	-27
 1799	1177873	28157	-2	-27
 1800	1177982	28157	-2	-27
 1801	1178909	28157	-2	-27
 1802	1179806	28157	-2	-27
 1803	1180231	28157	-2	-27
 1804	1181110	28157	-2	-27
 1805	1181212	28157	-2	-27
 1806	1182155	28157	-2	-27
 1807	1183022	28157	-2	-27
 1808	1183865	28157	-2	-27
 1809	1184776	28157	-2	-27
 1810	1185695	28157	-2	-27
 1811	1186616	28157	-2	-27
 1812	1186918	28157	-2	-27
 1813	1187675	28157	-2	-27
 1814	1188560	28157	-2	-27
 1815	1189519	28157	-2	-27
 1816	1190386	28157	-2	-27
 1817	1191259	28157	-2	-27
 1818	1192174	28157	-2	-27
 1819	1192961	28157	-2	-27
 1820	1193928	28157	-2	-27
 1821	1194115	28157	-2	-27
 1822	1195565	28157	-2	-27
 1823	1195673	28157	-2	-27
 1824	1196438	28157	-2	-27
 1825	1197315	28157	-2	-27
 1826	1197434	28157	-2	-27
 1827	1198207	28157	-2	-27
 1828	1199465	28157	-2	-27
 1829	1200336	28157	-2	-27
 1830	1201121	28157	-2	-27
 1831	1201549	28157	-2	-27
 1832	1202930	28157	-2	-27
 1833	1203125	28157	-2	-27
 1834	1204323	28157	-2	-27
 1835	1204765	28157	-2	-27
 1836	1204965	28157	-2	-27
 1837	1205920	28157	-2	-27
 1838	1206745	28157	-2	-27
 1839	1206877	28157	-2	-27
 1840	1207636	28157	-2	-27
 1841	1208873	28157	-2	-27
 1842	1209612	28157	-2	-27
 1843	1210525	28157	-2	-27
 1844	1211510	28157	-2	-27
 1845	1211939	28157	-2	-27
 1846	1212804	28157	-2	-27
 1847	1213809	28157	-2	-27
 1848	1214008	28157	-2	-27
 1849	1214983	28157	-2	-27
 1850	1215415	28157	-2	-27
 1851	1216222	28157	-2	-27
 1852	1217510	28157	-2	-27
 1853	1217619	28157	-2	-27
 1854	1218063	28157	-2	-27
 1855	1218188	28157	-2	-27
 1856	1219053	28157	-2	-27
 1857	1219528	28157	-2	-27
 1858	1220479	28157	-2	-27
 1859	1221338	28157	-2	-27
 1860	1222269	28157	-2	-27
 1861	1223611	28157	-2	-27
 1862	1223720	28157	-2	-27
 1863	1223829	28157	-2	-27
 1864	1224820	28157	-2	-27
 1865	1224930	28157	-2	-27
 1866	1225783	28157	-2	-27
 1867	1226746	28157	-2	-27
 1868	1227181	28157	-2	-27
 1869	1228244	28157	-2	-27
 1870	1229203	28157	-2	-27
 1871	1229312	28157	-2	-27
 1872	1229676	28157	-2	-27
 1873	1230487	28157	-2	-27
 1874	1231550	28157	-2	-27
 1875	1232437	28157	-2	-27
 1876	1232572	28157	-2	-27
 1877	1232686	28157	-2	-27
 1878	1233619	28157	-2	-27
 1879	1234088	28157	-2	-27
 1880	1235003	28157	-2	-27
 1881	1235084	28157	-2	-27
 1882	1236007	28157	-2	-27
 1883	1236405	28157	-2	-27
 1884	1237320	28157	-2	-27
 1885	1238217	28157	-2	-27
 1886	1238601	28157	-2	-27
 1887	1238737	28157	-2	-27
 1888	1240064	28157	-2	-27
 1889	1240181	28157	-2	-27
 1890	1241052	28157	-2	-27
 1891	1241911	28157	-2	-27
 1892	1242356	28157	-2	-27
 1893	1242829	28157	-2	-27
 1894	1243258	28157	-2	-27
 1895	1243671	28157	-2	-27
 1896	1243795	28157	-2	-27
 1897	1244273	28157	-2	-27
 1898	1245100	28157	-2	-27
 1899	1245538	28157	-2	-27
 1900	1246479	28157	-2	-27
 1901	1247350	28157	-2	-27
 1902	1248854	28157	-2	-27
 1903	1249783	28157	-2	-27
 1904	1250200	28157	-2	-27
 1905	1251041	28157	-2	-27
 1906	1251170	28157	-2	-27
 1907	1252027	28157	-2	-27
 1908	1253603	28157	-2	-27
 1909	1254891	28157	-2	-27
 1910	1255752	28157	-2	-27
 1911	1256253	28157	-2	-27
 1912	1256368	28157	-2	-27
 1913	1256773	28157	-2	-27
 1914	1257740	28157	-2	-27
 1915	1258143	28157	-2	-27
 1916	1259030	28157	-2	-27
 1917	1259949	28157	-2	-27
 1918	1260824	28157	-2	-27
 1919	1261601	28157	-2	-27
 1920	1262512	28157	-2	-27
 1921	1262923	28157	-2	-27
 1922	1263326	28157	-2	-27
 1923	1263773	28157	-2	-27
 1924	1264602	28157	-2	-27
 1925	1264811	28157	-2	-27
 1926	1265692	28157	-2	-27
 1927	1266559	28157	-2	-27
 1928	1267496	28157	-2	-27
 1929	1268451	28157	-2	-27
 1930	1268902	28157	-2	-27
 1931	1269711	28157	-2	-27
 1932	1270145	28157	-2	-27
 1933	1271388	28157	-2	-27
 1934	1273229	28157	-2	-27
 1935	1274214	28157	-2	-27
 1936	1274425	28157	-2	-27
 1937	1275665	28157	-2	-27
 1938	1276632	28157	-2	-27
 1939	1277041	28157	-2	-27
 1940	1277914	28157	-2	-27
 1941	1278851	28157	-2	-27
 1942	1279780	28157	-2	-27
 1943	1280131	28157	-2	-27
 1944	1280244	28157	-2	-27
 1945	1281083	28157	-2	-27
 1946	1281924	28157	-2	-27
 1947	1282813	28157	-2	-27
 1948	1283768	28157	-2	-27
 1949	1284633	28157	-2	-27
 1950	1285053	28157	-2	-27
 1951	1285956	28157	-2	-27
 1952	1286795	28157	-2	-27
 1953	1286904	28157	-2	-27
 1954	1287060	28157	-2	-27
 1955	1288017	28157	-2	-27
 1956	1288864	28157	-2	-27
 1957	1289697	28157	-2	-27
 1958	1290614	28157	-2	-27
 1959	1291495	28157	-2	-27
 1960	1292304	28157	-2	-27
 1961	1293163	28157	-2	-27
 1962	1294016	28157	-2	-27
 1963	1294377	28157	-2	-27
 1964	1295324	28157	-2	-27
 1965	1296834	28157	-2	-27
 1966	1297705	28157	-2	-27
 1967	1299143	28157	-2	-27
 1968	1300010	28157	-2	-27
 1969	1300434	28157	-2	-27
 1970	1301257	28157	-2	-27
 1971	1302136	28157	-2	-27
 1972	1302595	28157	-2	-27
 1973	1303486	28157	-2	-27
 1974	1303907	28157	-2	-27
 1975	1304746	28157	-2	-27
 1976	1306004	28157	-2	-27
 1977	1306811	28157	-2	-27
 1978	1307210	28157	-2	-27
 1979	1308133	28157	-2	-27
 1980	1308562	28157	-2	-27
 1981	1308936	28157	-2	-27
 1982	1309763	28157	-2	-27
 1983	1310568	28157	-2	-27
 1984	1311033	28157	-2	-27
 1985	1311436	28157	-2	-27
 1986	1312247	28157	-2	-27
 1987	1313156	28157	-2	-27
 1988	1313609	28157	-2	-27
 1989	1313713	28157	-2	-27
 1990	1314586	28157	-2	-27
 1991	1315561	28157	-2	-27
 1992	1316376	28157	-2	-27
 1993	1317667	28157	-2	-27
 1994	1318093	28157	-2	-27
 1995	1318964	28157	-2	-27
 1996	1320330	28157	-2	-27
 1997	1320662	28157	-2	-27
 1998	1321914	28157	-2	-27
 1999	1322827	28157	-2	-27
 2000	1323620	28157	-2	-27
 2001	1324025	28157	-2	-27
 2002	1324924	28157	-2	-27
 2003	1325378	28157	-2	-27
 2004	1326339	28157	-2	-27
 2005	1327196	28157	-2	-27
 2006	1328457	28157	-2	-27
 2007	1329248	28157	-2	-27
 2008	1329575	28157	-2	-27
 2009	1329997	28157	-2	-27
 2010	1330085	28157	-2	-27
 2011	1330994	28157	-2	-27
 2012	1331899	28157	-2	-27
 2013	1331987	28157	-2	-27
 2014	1332093	28157	-2	-27
 2015	1333555	28157	-2	-27
 2016	1333895	28157	-2	-27
 2017	1334746	28157	-2	-27
 2018	1335177	28157	-2	-27
 2019	1335554	28157	-2	-27
 2020	1336397	28157	-2	-27
 2021	1336837	28157	-2	-27
 2022	1337800	28157	-2	-27
 2023	1338669	28157	-2	-27
 2024	1338770	28157	-2	-27
 2025	1339687	28157	-2	-27
 2026	1340032	28157	-2	-27
 2027	1340438	28157	-2	-27
 2028	1340543	28157	-2	-27
 2029	1340982	28157	-2	-27
 2030	1341873	28157	-2	-27
 2031	1342802	28157	-2	-27
 2032	1343150	28157	-2	-27
 2033	1344067	28157	-2	-27
 2034	1344477	28157	-2	-27
 2035	1345402	28157	-2	-27
 2036	1346241	28157	-2	-27
 2037	1346687	28157	-2	-27
 2038	1347582	28157	-2	-27
 2039	1348469	28157	-2	-27
 2040	1349264	28157	-2	-27
 2041	1349350	28157	-2	-27
 2042	1350215	28157	-2	-27
 2043	1350646	28157	-2	-27
 2044	1351577	28157	-2	-27
 2045	1352586	28157	-2	-27
 2046	1353039	28157	-2	-27
 2047	1353910	28157	-2	-27
 2048	1354815	28157	-2	-27
 2049	1354928	28157	-2	-27
 2050	1356228	28157	-2	-27
 2051	1357109	28157	-2	-27
 2052	1358120	28157	-2	-27
 2053	1358544	28157	-2	-27
 2054	1359435	28157	-2	-27
 2055	1360352	28157	-2	-27
 2056	1360462	28157	-2	-27
 2057	1360575	28157	-2	-27
 2058	1361462	28157	-2	-27
 2059	1362383	28157	-2	-27
 2060	1363344	28157	-2	-27
 2061	1363786	28157	-2	-27
 2062	1363897	28157	-2	-27
 2063	1364782	28157	-2	-27
 2064	1364895	28157	-2	-27
 2065	1365005	28157	-2	-27
 2066	1365920	28157	-2	-27
 2067	1367199	28157	-2	-27
 2068	1367651	28157	-2	-27
 2069	1368576	28157	-2	-27
 2070	1369469	28157	-2	-27
 2071	1369860	28157	-2	-27
 2072	1370631	28157	-2	-27
 2073	1371546	28157	-2	-27
 2074	1372503	28157	-2	-27
 2075	1373412	28157	-2	-27
 2076	1373801	28157	-2	-27
 2077	1375020	28157	-2	-27
 2078	1375849	28157	-2	-27
 2079	1376686	28157	-2	-27
 2080	1377613	28157	-2	-27
 2081	1378538	28157	-2	-27
 2082	1378632	28157	-2	-27
 2083	1379487	28157	-2	-27
 2084	1380430	28157	-2	-27
 2085	1381351	28157	-2	-27
 2086	1382284	28157	-2	-27
 2087	1383608	28157	-2	-27
 2088	1383827	28157	-2	-27
 2089	1384714	28157	-2	-27
 2090	1384844	28157	-2	-27
 2091	1385283	28157	-2	-27
 2092	1386208	28157	-2	-27
 2093	1387009	28157	-2	-27
 2094	1387860	28157	-2	-27
 2095	1388619	28157	-2	-27
 2096	1389570	28157	-2	-27
 2097	1390036	28157	-2	-27
 2098	1390867	28157	-2	-27
 2099	1391690	28157	-2	-27
 2100	1391807	28157	-2	-27
 2101	1393227	28157	-2	-27
 2102	1394050	28157	-2	-27
 2103	1395551	28157	-2	-27
 2104	1396490	28157	-2	-27
 2105	1397461	28157	-2	-27
 2106	1398352	28157	-2	-27
 2107	1399733	28157	-2	-27
 2108	1400177	28157	-2	-27
 2109	1401513	28157	-2	-27
 2110	1402422	28157	-2	-27
 2111	1403249	28157	-2	-27
 2112	1404160	28157	-2	-27
 2113	1404558	28157	-2	-27
 2114	1405495	28157	-2	-27
 2115	1405945	28157	-2	-27
 2116	1406053	28157	-2	-27
 2117	1406159	28157	-2	-27
 2118	1406614	28157	-2	-27
 2119	1407467	28157	-2	-27
 2120	1408414	28157	-2	-27
 2121	1409341	28157	-2	-27
 2122	1410242	28157	-2	-27
 2123	1411181	28157	-2	-27
 2124	1412052	28157	-2	-27
 2125	1412153	28157	-2	-27
 2126	1412633	28157	-2	-27
 2127	1413028	28157	-2	-27
 2128	1414163	28157	-2	-27
 2129	1414248	28157	-2	-27
 2130	1414348	28157	-2	-27
 2131	1415645	28157	-2	-27
 2132	1416536	28157	-2	-27
 2133	1417457	28157	-2	-27
 2134	1418412	28157	-2	-27
 2135	1419281	28157	-2	-27
 2136	1419735	28157	-2	-27
 2137	1420656	28157	-2	-27
 2138	1421579	28157	-2	-27
 2139	1422034	28157	-2	-27
 2140	1423015	28157	-2	-27
 2141	1423980	28157	-2	-27
 2142	1424889	28157	-2	-27
 2143	1424995	28157	-2	-27
 2144	1425698	28157	-2	-27
 2145	1425787	28157	-2	-27
 2146	1426482	28157	-2	-27
 2147	1427389	28157	-2	-27
 2148	1428230	28157	-2	-27
 2149	1428630	28157	-2	-27
 2150	1428990	28157	-2	-27
 2151	1429963	28157	-2	-27
 2152	1430936	28157	-2	-27
 2153	1431352	28157	-2	-27
 2154	1432281	28157	-2	-27
 2155	1433156	28157	-2	-27
 2156	1433973	28157	-2	-27
 2157	1434878	28157	-2	-27
 2158	1435757	28157	-2	-27
 2159	1436684	28157	-2	-27
 2160	1437987	28157	-2	-27
 2161	1438828	28157	-2	-27
 2162	1439741	28157	-2	-27
 2163	1440185	28157	-2	-27
 2164	1441136	28157	-2	-27
 2165	1442025	28157	-2	-27
 2166	1442948	28157	-2	-27
 2167	1444380	28157	-2	-27
 2168	1444811	28157	-2	-27
 2169	1445221	28157	-2	-27
 2170	1446176	28157	-2	-27
 2171	1446639	28157	-2	-27
 2172	1447067	28157	-2	-27
 2173	1447940	28157	-2	-27
 2174	1449252	28157	-2	-27
 2175	1450139	28157	-2	-27
 2176	1451012	28157	-2	-27
 2177	1451943	28157	-2	-27
 2178	1452387	28157	-2	-27
 2179	1453368	28157	-2	-27
 2180	1453810	28157	-2	-27
 2181	1454251	28157	-2	-27
 2182	1454658	28157	-2	-27
 2183	1455495	28157	-2	-27
 2184	1456338	28157	-2	-27
 2185	1457611	28157	-2	-27
 2186	1458014	28157	-2	-27
 2187	1458456	28157	-2	-27
 2188	1459301	28157	-2	-27
 2189	1460190	28157	-2	-27
 2190	1461193	28157	-2	-27
 2191	1462604	28157	-2	-27
 2192	1462703	28157	-2	-27
 2193	1463604	28157	-2	-27
 2194	1464435	28157	-2	-27
 2195	1465240	28157	-2	-27
 2196	1466167	28157	-2	-27
 2197	1466962	28157	-2	-27
 2198	1467883	28157	-2	-27
 2199	1468315	28157	-2	-27
 2200	1468428	28157	-2	-27
 2201	1469761	28157	-2	-27
 2202	1470672	28157	-2	-27
 2203	1471102	28157	-2	-27
 2204	1472360	28157	-2	-27
 2205	1473313	28157	-2	-27
 2206	1474304	28157	-2	-27
 2207	1475275	28157	-2	-27
 2208	1475706	28157	-2	-27
 2209	1476649	28157	-2	-27
 2210	1477112	28157	-2	-27
 2211	1477991	28157	-2	-27
 2212	1478810	28157	-2	-27
 2213	1480068	28157	-2	-27
 2214	1480929	28157	-2	-27
 2215	1481966	28157	-2	-27
 2216	1482717	28157	-2	-27
 2217	1484155	28157	-2	-27
 2218	1485046	28157	-2	-27
 2219	1486508	28157	-2	-27
 2220	1487295	28157	-2	-27
 2221	1488160	28157	-2	-27
 2222	1488997	28157	-2	-27
 2223	1489860	28157	-2	-27
 2224	1491148	28157	-2	-27
 2225	1492039	28157	-2	-27
 2226	1492944	28157	-2	-27
 2227	1493827	28157	-2	-27
 2228	1494770	28157	-2	-27
 2229	1495713	28157	-2	-27
 2230	1496712	28157	-2	-27
 2231	1497379	28157	-2	-27
 2232	1498294	28157	-2	-27
 2233	1498601	28157	-2	-27
 2234	1499594	28157	-2	-27
 2235	1499978	28157	-2	-27
 2236	1500893	28157	-2	-27
 2237	1501782	28157	-2	-27
 2238	1502192	28157	-2	-27
 2239	1503121	28157	-2	-27
 2240	1504004	28157	-2	-27
 2241	1504465	28157	-2	-27
 2242	1505362	28157	-2	-27
 2243	1506147	28157	-2	-27
 2244	1507078	28157	-2	-27
 2245	1508015	28157	-2	-27
 2246	1508124	28157	-2	-27
 2247	1508971	28157	-2	-27
 2248	1509938	28157	-2	-27
 2249	1510889	28157	-2	-27
 2250	1511784	28157	-2	-27
 2251	1512687	28157	-2	-27
 2252	1513129	28157	-2	-27
 2253	1513986	28157	-2	-27
 2254	1514442	28157	-2	-27
 2255	1515305	28157	-2	-27
 2256	1516254	28157	-2	-27
 2257	1517253	28157	-2	-27
 2258	1518196	28157	-2	-27
 2259	1519125	28157	-2	-27
 2260	1519548	28157	-2	-27
 2261	1520451	28157	-2	-27
 2262	1521394	28157	-2	-27
 2263	1522445	28157	-2	-27
 2264	1523312	28157	-2	-27
 2265	1524111	28157	-2	-27
 2266	1525064	28157	-2	-27
 2267	1525495	28157	-2	-27
 2268	1525851	28157	-2	-27
 2269	1526245	28157	-2	-27
 2270	1527128	28157	-2	-27
 2271	1528031	28157	-2	-27
 2272	1528459	28157	-2	-27
 2273	1528528	28157	-2	-27
 2274	1528948	28157	-2	-27
 2275	1529779	28157	-2	-27
 2276	1530604	28157	-2	-27
 2277	1531593	28157	-2	-27
 2278	1532043	28157	-2	-27
 2279	1532692	28157	-2	-27
 2280	1533117	28157	-2	-27
 2281	1533545	28157	-2	-27
 2282	1534512	28157	-2	-27
 2283	1535367	28157	-2	-27
 2284	1536230	28157	-2	-27
 2285	1536653	28157	-2	-27
 2286	1537113	28157	-2	-27
 2287	1538068	28157	-2	-27
 2288	1538174	28157	-2	-27
 2289	1539053	28157	-2	-27
 2290	1539944	28157	-2	-27
 2291	1540033	28157	-2	-27
 2292	1541480	28157	-2	-27
 2293	1542879	28157	-2	-27
 2294	1544329	28157	-2	-27
 2295	1545164	28157	-2	-27
 2296	1545268	28157	-2	-27
 2297	1546502	28157	-2	-27
 2298	1547431	28157	-2	-27
 2299	1548268	28157	-2	-27
 2300	1549179	28157	-2	-27
 2301	1549599	28157	-2	-27
 2302	1549710	28157	-2	-27
 2303	1551130	28157	-2	-27
 2304	1551216	28157	-2	-27
 2305	1552085	28157	-2	-27
 2306	1553024	28157	-2	-27
 2307	1553881	28157	-2	-27
 2308	1554301	28157	-2	-27
 2309	1555232	28157	-2	-27
 2310	1556061	28157	-2	-27
 2311	1557060	28157	-2	-27
 2312	1557957	28157	-2	-27
 2313	1558858	28157	-2	-27
 2314	1558998	28157	-2	-27
 2315	1560493	28157	-2	-27
 2316	1561703	28157	-2	-27
 2317	1562895	28157	-2	-27
 2318	1563818	28157	-2	-27
 2319	1564553	28157	-2	-27
 2320	1564639	28157	-2	-27
 2321	1565484	28157	-2	-27
 2322	1566417	28157	-2	-27
 2323	1567302	28157	-2	-27
 2324	1568171	28157	-2	-27
 2325	1569130	28157	-2	-27
 2326	1569533	28157	-2	-27
 2327	1570488	28157	-2	-27
 2328	1571953	28157	-2	-27
 2329	1573394	28157	-2	-27
 2330	1573588	28157	-2	-27
 2331	1573681	28157	-2	-27
 2332	1574119	28157	-2	-27
 2333	1575056	28157	-2	-27
 2334	1575897	28157	-2	-27
 2335	1576804	28157	-2	-27
 2336	1577227	28157	-2	-27
 2337	1578248	28157	-2	-27
 2338	1579161	28157	-2	-27
 2339	1580032	28157	-2	-27
 2340	1580901	28157	-2	-27
 2341	1581331	28157	-2	-27
 2342	1582224	28157	-2	-27
 2343	1583135	28157	-2	-27
 2344	1584084	28157	-2	-27
 2345	1585023	28157	-2	-27
 2346	1585906	28157	-2	-27
 2347	1586833	28157	-2	-27
 2348	1587700	28157	-2	-27
 2349	1588087	28157	-2	-27
 2350	1589052	28157	-2	-27
 2351	1589879	28157	-2	-27
 2352	1590714	28157	-2	-27
 2353	1591613	28157	-2	-27
 2354	1592532	28157	-2	-27
 2355	1593515	28157	-2	-27
 2356	1594412	28157	-2	-27
 2357	1595347	28157	-2	-27
 2358	1595796	28157	-2	-27
 2359	1596683	28157	-2	-27
 2360	1597546	28157	-2	-27
 2361	1598924	28157	-2	-27
 2362	1599123	28157	-2	-27
 2363	1600022	28157	-2	-27
 2364	1600935	28157	-2	-27
 2365	1601880	28157	-2	-27
 2366	1602759	28157	-2	-27
 2367	1603165	28157	-2	-27
 2368	1604150	28157	-2	-27
 2369	1605013	28157	-2	-27
 2370	1605962	28157	-2	-27
 2371	1606845	28157	-2	-27
 2372	1607714	28157	-2	-27
 2373	1608157	28157	-2	-27
 2374	1608974	28157	-2	-27
 2375	1609853	28157	-2	-27
 2376	1610818	28157	-2	-27
 2377	1611223	28157	-2	-27
 2378	1612112	28157	-2	-27
 2379	1612975	28157	-2	-27
 2380	1613926	28157	-2	-27
 2381	1614377	28157	-2	-27
 2382	1615334	28157	-2	-27
 2383	1616229	28157	-2	-27
 2384	1617146	28157	-2	-27
 2385	1617981	28157	-2	-27
 2386	1618828	28157	-2	-27
 2387	1619984	28157	-2	-27
 2388	1620093	28157	-2	-27
 2389	1621255	28157	-2	-27
 2390	1622154	28157	-2	-27
 2391	1623059	28157	-2	-27
 2392	1623503	28157	-2	-27
 2393	1624470	28157	-2	-27
 2394	1625365	28157	-2	-27
 2395	1625800	28157	-2	-27
 2396	1627187	28157	-2	-27
 2397	1627645	28157	-2	-27
 2398	1628588	28157	-2	-27
 2399	1629445	28157	-2	-27
 2400	1630412	28157	-2	-27
 2401	1630611	28157	-2	-27
 2402	1631570	28157	-2	-27
 2403	1632888	28157	-2	-27
 2404	1633835	28157	-2	-27
 2405	1634706	28157	-2	-27
 2406	1635633	28157	-2	-27
 2407	1636816	28157	-2	-27
 2408	1637741	28157	-2	-27
 2409	1638622	28157	-2	-27
 2410	1639455	28157	-2	-27
 2411	1640426	28157	-2	-27
 2412	1641341	28157	-2	-27
 2413	1642264	28157	-2	-27
 2414	1642467	28157	-2	-27
 2415	1642576	28157	-2	-27
 2416	1643501	28157	-2	-27
 2417	1644666	28157	-2	-27
 2418	1645575	28157	-2	-27
 2419	1646065	28157	-2	-27
 2420	1646972	28157	-2	-27
 2421	1647931	28157	-2	-27
 2422	1648814	28157	-2	-27
 2423	1649607	28157	-2	-27
 2424	1650458	28157	-2	-27
 2425	1651273	28157	-2	-27
 2426	1652244	28157	-2	-27
 2427	1652713	28157	-2	-27
 2428	1653122	28157	-2	-27
 2429	1654135	28157	-2	-27
 2430	1655840	28157	-2	-27
 2431	1656629	28157	-2	-27
 2432	1657488	28157	-2	-27
 2433	1658305	28157	-2	-27
 2434	1658412	28157	-2	-27
 2435	1659299	28157	-2	-27
 2436	1659744	28157	-2	-27
 2437	1661086	28157	-2	-27
 2438	1662575	28157	-2	-27
 2439	1663496	28157	-2	-27
 2440	1664451	28157	-2	-27
 2441	1664555	28157	-2	-27
 2442	1664971	28157	-2	-27
 2443	1665418	28157	-2	-27
 2444	1666249	28157	-2	-27
 2445	1667184	28157	-2	-27
 2446	1668085	28157	-2	-27
 2447	1668988	28157	-2	-27
 2448	1669454	28157	-2	-27
 2449	1670361	28157	-2	-27
 2450	1671264	28157	-2	-27
 2451	1672147	28157	-2	-27
 2452	1672639	28157	-2	-27
 2453	1673540	28157	-2	-27
 2454	1674507	28157	-2	-27
 2455	1675448	28157	-2	-27
 2456	1676634	28157	-2	-27
 2457	1677557	28157	-2	-27
 2458	1678486	28157	-2	-27
 2459	1679393	28157	-2	-27
 2460	1680272	28157	-2	-27
 2461	1681566	28157	-2	-27
 2462	1682353	28157	-2	-27
 2463	1683182	28157	-2	-27
 2464	1684089	28157	-2	-27
 2465	1684932	28157	-2	-27
 2466	1685725	28157	-2	-27
 2467	1686184	28157	-2	-27
 2468	1686270	28157	-2	-27
 2469	1687235	28157	-2	-27
 2470	1687657	28157	-2	-27
 2471	1688678	28157	-2	-27
 2472	1689106	28157	-2	-27
 2473	1689949	28157	-2	-27
 2474	1690350	28157	-2	-27
 2475	1691159	28157	-2	-27
 2476	1692186	28157	-2	-27
 2477	1693115	28157	-2	-27
 2478	1694078	28157	-2	-27
 2479	1694991	28157	-2	-27
 2480	1696396	28157	-2	-27
 2481	1697311	28157	-2	-27
 2482	1697423	28157	-2	-27
 2483	1698270	28157	-2	-27
 2484	1698696	28157	-2	-27
 2485	1699121	28157	-2	-27
 2486	1699415	28157	-2	-27
 2487	1699526	28157	-2	-27
 2488	1700349	28157	-2	-27
 2489	1701262	28157	-2	-27
 2490	1701695	28157	-2	-27
 2491	1702161	28157	-2	-27
 2492	1703032	28157	-2	-27
 2493	1703831	28157	-2	-27
 2494	1704262	28157	-2	-27
 2495	1705191	28157	-2	-27
 2496	1705600	28157	-2	-27
 2497	1706505	28157	-2	-27
 2498	1707440	28157	-2	-27
 2499	1707785	28157	-2	-27
 2500	1708225	28157	-2	-27
 2501	1708347	28157	-2	-27
 2502	1708440	28157	-2	-27
 2503	1709343	28157	-2	-27
 2504	1710138	28157	-2	-27
 2505	1711079	28157	-2	-27
 2506	1712328	28157	-2	-27
 2507	1713095	28157	-2	-27
 2508	1713525	28157	-2	-27
 2509	1714466	28157	-2	-27
 2510	1715321	28157	-2	-27
 2511	1716282	28157	-2	-27
 2512	1717177	28157	-2	-27
 2513	1718146	28157	-2	-27
 2514	1718233	28157	-2	-27
 2515	1718342	28157	-2	-27
 2516	1719257	28157	-2	-27
 2517	1720190	28157	-2	-27
 2518	1720977	28157	-2	-27
 2519	1721363	28157	-2	-27
 2520	1722368	28157	-2	-27
 2521	1722835	28157	-2	-27
 2522	1723758	28157	-2	-27
 2523	1724719	28157	-2	-27
 2524	1725650	28157	-2	-27
 2525	1726106	28157	-2	-27
 2526	1726503	28157	-2	-27
 2527	1727328	28157	-2	-27
 2528	1728283	28157	-2	-27
 2529	1728691	28157	-2	-27
 2530	1729712	28157	-2	-27
 2531	1730661	28157	-2	-27
 2532	1731120	28157	-2	-27
 2533	1731991	28157	-2	-27
 2534	1732966	28157	-2	-27
 2535	1733893	28157	-2	-27
 2536	1734377	28157	-2	-27
 2537	1735202	28157	-2	-27
 2538	1736071	28157	-2	-27
 2539	1736974	28157	-2	-27
 2540	1737084	28157	-2	-27
 2541	1737999	28157	-2	-27
 2542	1738856	28157	-2	-27
 2543	1739653	28157	-2	-27
 2544	1740636	28157	-2	-27
 2545	1741493	28157	-2	-27
 2546	1741566	28157	-2	-27
 2547	1741702	28157	-2	-27
 2548	1742689	28157	-2	-27
 2549	1743588	28157	-2	-27
 2550	1744849	28157	-2	-27
 2551	1744953	28157	-2	-27
 2552	1745944	28157	-2	-27
 2553	1746364	28157	-2	-27
 2554	1747267	28157	-2	-27
 2555	1748096	28157	-2	-27
 2556	1749531	28157	-2	-27
 2557	1750416	28157	-2	-27
 2558	1751351	28157	-2	-27
 2559	1752334	28157	-2	-27
 2560	1753865	28157	-2	-27
 2561	1753957	28157	-2	-27
 2562	1754754	28157	-2	-27
 2563	1755627	28157	-2	-27
 2564	1756530	28157	-2	-27
 2565	1757459	28157	-2	-27
 2566	1758382	28157	-2	-27
 2567	1759291	28157	-2	-27
 2568	1760196	28157	-2	-27
 2569	1761177	28157	-2	-27
 2570	1761260	28157	-2	-27
 2571	1762151	28157	-2	-27
 2572	1762928	28157	-2	-27
 2573	1764150	28157	-2	-27
 2574	1765119	28157	-2	-27
 2575	1765560	28157	-2	-27
 2576	1766974	28157	-2	-27
 2577	1767067	28157	-2	-27
 2578	1767525	28157	-2	-27
 2579	1768354	28157	-2	-27
 2580	1769251	28157	-2	-27
 2581	1770578	28157	-2	-27
 2582	1771845	28157	-2	-27
 2583	1772870	28157	-2	-27
 2584	1773649	28157	-2	-27
 2585	1774586	28157	-2	-27
 2586	1775401	28157	-2	-27
 2587	1776380	28157	-2	-27
 2588	1777143	28157	-2	-27
 2589	1778040	28157	-2	-27
 2590	1778449	28157	-2	-27
 2591	1779380	28157	-2	-27
 2592	1780165	28157	-2	-27
 2593	1781116	28157	-2	-27
 2594	1781971	28157	-2	-27
 2595	1782794	28157	-2	-27
 2596	1783977	28157	-2	-27
 2597	1784908	28157	-2	-27
 2598	1785327	28157	-2	-27
 2599	1786636	28157	-2	-27
 2600	1787070	28157	-2	-27
 2601	1788007	28157	-2	-27
 2602	1788932	28157	-2	-27
 2603	1789829	28157	-2	-27
 2604	1790238	28157	-2	-27
 2605	1790660	28157	-2	-27
 2606	1791061	28157	-2	-27
 2607	1791914	28157	-2	-27
 2608	1792677	28157	-2	-27
 2609	1793090	28157	-2	-27
 2610	1793542	28157	-2	-27
 2611	1794385	28157	-2	-27
 2612	1794819	28157	-2	-27
 2613	1795706	28157	-2	-27
 2614	1796701	28157	-2	-27
 2615	1797616	28157	-2	-27
 2616	1798577	28157	-2	-27
 2617	1799528	28157	-2	-27
 2618	1800459	28157	-2	-27
 2619	1800565	28157	-2	-27
 2620	1800652	28157	-2	-27
 2621	1801495	28157	-2	-27
 2622	1802462	28157	-2	-27
 2623	1803987	28157	-2	-27
 2624	1804436	28157	-2	-27
 2625	1805405	28157	-2	-27
 2626	1805822	28157	-2	-27
 2627	1807365	28157	-2	-27
 2628	1807794	28157	-2	-27
 2629	1809337	28157	-2	-27
 2630	1809436	28157	-2	-27
 2631	1809536	28157	-2	-27
 2632	1810527	28157	-2	-27
 2633	1811452	28157	-2	-27
 2634	1812355	28157	-2	-27
 2635	1813655	28157	-2	-27
 2636	1814718	28157	-2	-27
 2637	1815132	28157	-2	-27
 2638	1816393	28157	-2	-27
 2639	1817238	28157	-2	-27
 2640	1817705	28157	-2	-27
 2641	1818137	28157	-2	-27
 2642	1819058	28157	-2	-27
 2643	1819163	28157	-2	-27
 2644	1819289	28157	-2	-27
 2645	1819379	28157	-2	-27
 2646	1819584	28157	-2	-27
 2647	1820523	28157	-2	-27
 2648	1821384	28157	-2	-27
 2649	1822259	28157	-2	-27
 2650	1823104	28157	-2	-27
 2651	1824029	28157	-2	-27
 2652	1824926	28157	-2	-27
 2653	1825015	28157	-2	-27
 2654	1825984	28157	-2	-27
 2655	1826889	28157	-2	-27
 2656	1827306	28157	-2	-27
 2657	1828237	28157	-2	-27
 2658	1829180	28157	-2	-27
 2659	1829290	28157	-2	-27
 2660	1830524	28157	-2	-27
 2661	1831355	28157	-2	-27
 2662	1832218	28157	-2	-27
 2663	1833143	28157	-2	-27
 2664	1834044	28157	-2	-27
 2665	1834192	28157	-2	-27
 2666	1835209	28157	-2	-27
 2667	1835320	28157	-2	-27
 2668	1836227	28157	-2	-27
 2669	1837144	28157	-2	-27
 2670	1838101	28157	-2	-27
 2671	1838950	28157	-2	-27
 2672	1839039	28157	-2	-27
 2673	1839930	28157	-2	-27
 2674	1840034	28157	-2	-27
 2675	1840138	28157	-2	-27
 2676	1841077	28157	-2	-27
 2677	1841964	28157	-2	-27
 2678	1842775	28157	-2	-27
 2679	1843620	28157	-2	-27
 2680	1844593	28157	-2	-27
 2681	1845516	28157	-2	-27
 2682	1846527	28157	-2	-27
 2683	1847794	28157	-2	-27
 2684	1848699	28157	-2	-27
 2685	1849604	28157	-2	-27
 2686	1850421	28157	-2	-27
 2687	1850530	28157	-2	-27
 2688	1851974	28157	-2	-27
 2689	1852891	28157	-2	-27
 2690	1853714	28157	-2	-27
 2691	1854693	28157	-2	-27
 2692	1855502	28157	-2	-27
 2693	1856337	28157	-2	-27
 2694	1856800	28157	-2	-27
 2695	1857687	28157	-2	-27
 2696	1858102	28157	-2	-27
 2697	1859019	28157	-2	-27
 2698	1859978	28157	-2	-27
 2699	1860419	28157	-2	-27
 2700	1860542	28157	-2	-27
 2701	1861537	28157	-2	-27
 2702	1862436	28157	-2	-27
 2703	1863628	28157	-2	-27
 2704	1864505	28157	-2	-27
 2705	1865398	28157	-2	-27
 2706	1865859	28157	-2	-27
 2707	1866762	28157	-2	-27
 2708	1867601	28157	-2	-27
 2709	1868558	28157	-2	-27
 2710	1869021	28157	-2	-27
 2711	1870309	28157	-2	-27
 2712	1871188	28157	-2	-27
 2713	1871983	28157	-2	-27
 2714	1872874	28157	-2	-27
 2715	1873250	28157	-2	-27
 2716	1874143	28157	-2	-27
 2717	1875046	28157	-2	-27
 2718	1875831	28157	-2	-27
 2719	1875940	28157	-2	-27
 2720	1876825	28157	-2	-27
 2721	1877766	28157	-2	-27
 2722	1878685	28157	-2	-27
 2723	1879093	28157	-2	-27
 2724	1880504	28157	-2	-27
 2725	1881433	28157	-2	-27
 2726	1882340	28157	-2	-27
 2727	1883697	28157	-2	-27
 2728	1884540	28157	-2	-27
 2729	1885501	28157	-2	-27
 2730	1885879	28157	-2	-27
 2731	1886758	28157	-2	-27
 2732	1888256	28157	-2	-27
 2733	1888700	28157	-2	-27
 2734	1889661	28157	-2	-27
 2735	1890094	28157	-2	-27
 2736	1891033	28157	-2	-27
 2737	1892046	28157	-2	-27
 2738	1892921	28157	-2	-27
 2739	1893840	28157	-2	-27
 2740	1894741	28157	-2	-27
 2741	1895618	28157	-2	-27
 2742	1895750	28157	-2	-27
 2743	1896142	28157	-2	-27
 2744	1897033	28157	-2	-27
 2745	1897902	28157	-2	-27
 2746	1898008	28157	-2	-27
 2747	1898929	28157	-2	-27
 2748	1899886	28157	-2	-27
 2749	1900773	28157	-2	-27
 2750	1901204	28157	-2	-27
 2751	1902033	28157	-2	-27
 2752	1902148	28157	-2	-27
 2753	1902588	28157	-2	-27
 2754	1903577	28157	-2	-27
 2755	1904426	28157	-2	-27
 2756	1905801	28157	-2	-27
 2757	1906704	28157	-2	-27
 2758	1907091	28157	-2	-27
 2759	1907960	28157	-2	-27
 2760	1908073	28157	-2	-27
 2761	1908900	28157	-2	-27
 2762	1909009	28157	-2	-27
 2763	1909912	28157	-2	-27
 2764	1910683	28157	-2	-27
 2765	1910882	28157	-2	-27
 2766	1912245	28157	-2	-27
 2767	1912680	28157	-2	-27
 2768	1913131	28157	-2	-27
 2769	1913830	28157	-2	-27
 2770	1913938	28157	-2	-27
 2771	1914889	28157	-2	-27
 2772	1915654	28157	-2	-27
 2773	1915759	28157	-2	-27
 2774	1917179	28157	-2	-27
 2775	1917972	28157	-2	-27
 2776	1918869	28157	-2	-27
 2777	1920295	28157	-2	-27
 2778	1921182	28157	-2	-27
 2779	1922011	28157	-2	-27
 2780	1922956	28157	-2	-27
 2781	1923881	28157	-2	-27
 2782	1924902	28157	-2	-27
 2783	1925815	28157	-2	-27
 2784	1927229	28157	-2	-27
 2785	1928186	28157	-2	-27
 2786	1929606	28157	-2	-27
 2787	1930505	28157	-2	-27
 2788	1930591	28157	-2	-27
 2789	1931474	28157	-2	-27
 2790	1931678	28157	-2	-27
 2791	1932385	28157	-2	-27
 2792	1933300	28157	-2	-27
 2793	1933768	28157	-2	-27
 2794	1934717	28157	-2	-27
 2795	1935614	28157	-2	-27
 2796	1936471	28157	-2	-27
 2797	1937398	28157	-2	-27
 2798	1938265	28157	-2	-27
 2799	1939246	28157	-2	-27
 2800	1940259	28157	-2	-27
 2801	1941180	28157	-2	-27
 2802	1942105	28157	-2	-27
 2803	1942518	28157	-2	-27
 2804	1943345	28157	-2	-27
 2805	1944300	28157	-2	-27
 2806	1944748	28157	-2	-27
 2807	1944879	28157	-2	-27
 2808	1945754	28157	-2	-27
 2809	1947027	28157	-2	-27
 2810	1947962	28157	-2	-27
 2811	1948885	28157	-2	-27
 2812	1949307	28157	-2	-27
 2813	1949780	28157	-2	-27
 2814	1950743	28157	-2	-27
 2815	1951630	28157	-2	-27
 2816	1952527	28157	-2	-27
 2817	1953280	28157	-2	-27
 2818	1954131	28157	-2	-27
 2819	1955034	28157	-2	-27
 2820	1955949	28157	-2	-27
 2821	1956437	28157	-2	-27
 2822	1956540	28157	-2	-27
 2823	1957437	28157	-2	-27
 2824	1957881	28157	-2	-27
 2825	1958806	28157	-2	-27
 2826	1959230	28157	-2	-27
 2827	1960119	28157	-2	-27
 2828	1961389	28157	-2	-27
 2829	1961530	28157	-2	-27
 2830	1962483	28157	-2	-27
 2831	1963296	28157	-2	-27
 2832	1963699	28157	-2	-27
 2833	1964604	28157	-2	-27
 2834	1965419	28157	-2	-27
 2835	1965508	28157	-2	-27
 2836	1966793	28157	-2	-27
 2837	1966992	28157	-2	-27
 2838	1967903	28157	-2	-27
 2839	1968315	28157	-2	-27
 2840	1969146	28157	-2	-27
 2841	1970163	28157	-2	-27
 2842	1971036	28157	-2	-27
 2843	1971435	28157	-2	-27
 2844	1972304	28157	-2	-27
 2845	1973721	28157	-2	-27
 2846	1974588	28157	-2	-27
 2847	1975924	28157	-2	-27
 2848	1976859	28157	-2	-27
 2849	1977722	28157	-2	-27
 2850	1978108	28157	-2	-27
 2851	1978198	28157	-2	-27
 2852	1978961	28157	-2	-27
 2853	1979764	28157	-2	-27
 2854	1980645	28157	-2	-27
 2855	1981966	28157	-2	-27
 2856	1982875	28157	-2	-27
 2857	1983788	28157	-2	-27
 2858	1984695	28157	-2	-27
 2859	1985051	28157	-2	-27
 2860	1985888	28157	-2	-27
 2861	1986883	28157	-2	-27
 2862	1987333	28157	-2	-27
 2863	1988200	28157	-2	-27
 2864	1989151	28157	-2	-27
 2865	1990415	28157	-2	-27
 2866	1991757	28157	-2	-27
 2867	1992650	28157	-2	-27
 2868	1993062	28157	-2	-27
 2869	1993173	28157	-2	-27
 2870	1994542	28157	-2	-27
 2871	1995018	28157	-2	-27
 2872	1995487	28157	-2	-27
 2873	1996322	28157	-2	-27
 2874	1997187	28157	-2	-27
 2875	1997571	28157	-2	-27
 2876	1998414	28157	-2	-27
 2877	1998509	28157	-2	-27
 2878	1999418	28157	-2	-27
 2879	1999548	28157	-2	-27
 2880	2000427	28157	-2	-27
 2881	2000862	28157	-2	-27
 2882	2001729	28157	-2	-27
 2883	2002576	28157	-2	-27
 2884	2003483	28157	-2	-27
 2885	2004476	28157	-2	-27
 2886	2005455	28157	-2	-27
 2887	2006294	28157	-2	-27
 2888	2007151	28157	-2	-27
 2889	2007557	28157	-2	-27
 2890	2008482	28157	-2	-27
 2891	2009363	28157	-2	-27
 2892	2009815	28157	-2	-27
 2893	2011361	28157	-2	-27
 2894	2011566	28157	-2	-27
 2895	2012469	28157	-2	-27
 2896	2013446	28157	-2	-27
 2897	2013559	28157	-2	-27
 2898	2014468	28157	-2	-27
 2899	2015361	28157	-2	-27
 2900	2015481	28157	-2	-27
 2901	2016360	28157	-2	-27
 2902	2017227	28157	-2	-27
 2903	2018192	28157	-2	-27
 2904	2019097	28157	-2	-27
 2905	2019505	28157	-2	-27
 2906	2019914	28157	-2	-27
 2907	2020851	28157	-2	-27
 2908	2021279	28157	-2	-27
 2909	2022130	28157	-2	-27
 2910	2022963	28157	-2	-27
 2911	2023810	28157	-2	-27
 2912	2024685	28157	-2	-27
 2913	2024786	28157	-2	-27
 2914	2026563	28157	-2	-27
 2915	2027420	28157	-2	-27
 2916	2028333	28157	-2	-27
 2917	2028958	28157	-2	-27
 2918	2029396	28157	-2	-27
 2919	2029796	28157	-2	-27
 2920	2030202	28157	-2	-27
 2921	2031105	28157	-2	-27
 2922	2031541	28157	-2	-27
 2923	2032390	28157	-2	-27
 2924	2033349	28157	-2	-27
 2925	2034334	28157	-2	-27
 2926	2035237	28157	-2	-27
 2927	2036154	28157	-2	-27
 2928	2037007	28157	-2	-27
 2929	2037902	28157	-2	-27
 2930	2038839	28157	-2	-27
 2931	2040367	28157	-2	-27
 2932	2041312	28157	-2	-27
 2933	2042153	28157	-2	-27
 2934	2042992	28157	-2	-27
 2935	2043423	28157	-2	-27
 2936	2044372	28157	-2	-27
 2937	2044768	28157	-2	-27
 2938	2046167	28157	-2	-27
 2939	2047014	28157	-2	-27
 2940	2047835	28157	-2	-27
 2941	2048654	28157	-2	-27
 2942	2049501	28157	-2	-27
 2943	2050402	28157	-2	-27
 2944	2050521	28157	-2	-27
 2945	2051500	28157	-2	-27
 2946	2052791	28157	-2	-27
 2947	2053652	28157	-2	-27
 2948	2054057	28157	-2	-27
 2949	2054942	28157	-2	-27
 2950	2056335	28157	-2	-27
 2951	2057292	28157	-2	-27
 2952	2058201	28157	-2	-27
 2953	2059076	28157	-2	-27
 2954	2059917	28157	-2	-27
 2955	2060906	28157	-2	-27
 2956	2061703	28157	-2	-27
 2957	2062132	28157	-2	-27
 2958	2062551	28157	-2	-27
 2959	2063444	28157	-2	-27
 2960	2063936	28157	-2	-27
 2961	2064823	28157	-2	-27
 2962	2065792	28157	-2	-27
 2963	2066739	28157	-2	-27
 2964	2067208	28157	-2	-27
 2965	2068195	28157	-2	-27
 2966	2069200	28157	-2	-27
 2967	2070035	28157	-2	-27
 2968	2070940	28157	-2	-27
 2969	2071847	28157	-2	-27
 2970	2072772	28157	-2	-27
 2971	2073715	28157	-2	-27
 2972	2074135	28157	-2	-27
 2973	2074970	28157	-2	-27
 2974	2076363	28157	-2	-27
 2975	2077304	28157	-2	-27
 2976	2078838	28157	-2	-27
 2977	2079785	28157	-2	-27
 2978	2080728	28157	-2	-27
 2979	2081681	28157	-2	-27
 2980	2082120	28157	-2	-27
 2981	2082917	28157	-2	-27
 2982	2083866	28157	-2	-27
 2983	2084767	28157	-2	-27
 2984	2085692	28157	-2	-27
 2985	2086142	28157	-2	-27
 2986	2087059	28157	-2	-27
 2987	2087866	28157	-2	-27
 2988	2089064	28157	-2	-27
 2989	2089513	28157	-2	-27
 2990	2090414	28157	-2	-27
 2991	2090700	28157	-2	-27
 2992	2091537	28157	-2	-27
 2993	2092382	28157	-2	-27
 2994	2093613	28157	-2	-27
 2995	2093707	28157	-2	-27
 2996	2094953	28157	-2	-27
 2997	2095376	28157	-2	-27
 2998	2096239	28157	-2	-27
 2999	2097230	28157	-2	-27
 3000	2098539	28157	-2	-27
 3001	2098934	28157	-2	-27
 3002	2099763	28157	-2	-27
 3003	2100203	28157	-2	-27
 3004	2101174	28157	-2	-27
 3005	2102507	28157	-2	-27
 3006	2102942	28157	-2	-27
 3007	2103396	28157	-2	-27
 3008	2104337	28157	-2	-27
 3009	2105190	28157	-2	-27
 3010	2106169	28157	-2	-27
 3011	2106570	28157	-2	-27
 3012	2107513	28157	-2	-27
 3013	2108476	28157	-2	-27
 3014	2109343	28157	-2	-27
 3015	2110230	28157	-2	-27
 3016	2111575	28157	-2	-27
 3017	2112012	28157	-2	-27
 3018	2113294	28157	-2	-27
 3019	2114179	28157	-2	-27
 3020	2115524	28157	-2	-27
 3021	2116525	28157	-2	-27
 3022	2116950	28157	-2	-27
 3023	2117731	28157	-2	-27
 3024	2118173	28157	-2	-27
 3025	2119545	28157	-2	-27
 3026	2120440	28157	-2	-27
 3027	2120555	28157	-2	-27
 3028	2121960	28157	-2	-27
 3029	2122345	28157	-2	-27
 3030	2123228	28157	-2	-27
 3031	2123680	28157	-2	-27
 3032	2123797	28157	-2	-27
 3033	2124614	28157	-2	-27
 3034	2125024	28157	-2	-27
 3035	2125793	28157	-2	-27
 3036	2126268	28157	-2	-27
 3037	2126665	28157	-2	-27
 3038	2127580	28157	-2	-27
 3039	2127689	28157	-2	-27
 3040	2128622	28157	-2	-27
 3041	2129619	28157	-2	-27
 3042	2130524	28157	-2	-27
 3043	2131497	28157	-2	-27
 3044	2132938	28157	-2	-27
 3045	2134226	28157	-2	-27
 3046	2135055	28157	-2	-27
 3047	2135908	28157	-2	-27
 3048	2136733	28157	-2	-27
 3049	2137961	28157	-2	-27
 3050	2138846	28157	-2	-27
 3051	2139771	28157	-2	-27
 3052	2140680	28157	-2	-27
 3053	2141595	28157	-2	-27
 3054	2142408	28157	-2	-27
 3055	2142903	28157	-2	-27
 3056	2143694	28157	-2	-27
 3057	2143838	28157	-2	-27
 3058	2145114	28157	-2	-27
 3059	2145226	28157	-2	-27
 3060	2146109	28157	-2	-27
 3061	2147122	28157	-2	-27
 3062	2147521	28157	-2	-27
 3063	2148432	28157	-2	-27
 3064	2149377	28157	-2	-27
 3065	2149785	28157	-2	-27
 3066	2149901	28157	-2	-27
 3067	2150782	28157	-2	-27
 3068	2151215	28157	-2	-27
 3069	2152014	28157	-2	-27
 3070	2152983	28157	-2	-27
 3071	2153904	28157	-2	-27
 3072	2155093	28157	-2	-27
 3073	2155438	28157	-2	-27
 3074	2155545	28157	-2	-27
 3075	2156386	28157	-2	-27
 3076	2157887	28157	-2	-27
 3077	2158305	28157	-2	-27
 3078	2158431	28157	-2	-27
 3079	2159320	28157	-2	-27
 3080	2160698	28157	-2	-27
 3081	2161505	28157	-2	-27
 3082	2162416	28157	-2	-27
 3083	2163219	28157	-2	-27
 3084	2164142	28157	-2	-27
 3085	2165045	28157	-2	-27
 3086	2165159	28157	-2	-27
 3087	2166062	28157	-2	-27
 3088	2167011	28157	-2	-27
 3089	2168152	28157	-2	-27
 3090	2169015	28157	-2	-27
 3091	2170237	28157	-2	-27
 3092	2171678	28157	-2	-27
 3093	2173104	28157	-2	-27
 3094	2173497	28157	-2	-27
 3095	2174454	28157	-2	-27
 3096	2174923	28157	-2	-27
 3097	2175309	28157	-2	-27
 3098	2175396	28157	-2	-27
 3099	2176253	28157	-2	-27
 3100	2177140	28157	-2	-27
 3101	2177975	28157	-2	-27
 3102	2178346	28157	-2	-27
 3103	2179203	28157	-2	-27
 3104	2180030	28157	-2	-27
 3105	2180869	28157	-2	-27
 3106	2181740	28157	-2	-27
 3107	2182577	28157	-2	-27
 3108	2183378	28157	-2	-27
 3109	2184261	28157	-2	-27
 3110	2184687	28157	-2	-27
 3111	2185984	28157	-2	-27
 3112	2186901	28157	-2	-27
 3113	2187359	28157	-2	-27
 3114	2188348	28157	-2	-27
 3115	2189095	28157	-2	-27
 3116	2190473	28157	-2	-27
 3117	2190897	28157	-2	-27
 3118	2191264	28157	-2	-27
 3119	2192039	28157	-2	-27
 3120	2192986	28157	-2	-27
 3121	2193829	28157	-2	-27
 3122	2194736	28157	-2	-27
 3123	2195651	28157	-2	-27
 3124	2196590	28157	-2	-27
 3125	2197519	28157	-2	-27
 3126	2198488	28157	-2	-27
 3127	2199347	28157	-2	-27
 3128	2200557	28157	-2	-27
 3129	2201248	28157	-2	-27
 3130	2202133	28157	-2	-27
 3131	2202554	28157	-2	-27
 3132	2203455	28157	-2	-27
 3133	2203919	28157	-2	-27
 3134	2204794	28157	-2	-27
 3135	2205737	28157	-2	-27
 3136	2206584	28157	-2	-27
 3137	2207541	28157	-2	-27
 3138	2207946	28157	-2	-27
 3139	2209285	28157	-2	-27
 3140	2209598	28157	-2	-27
 3141	2210952	28157	-2	-27
 3142	2211873	28157	-2	-27
 3143	2212808	28157	-2	-27
 3144	2213272	28157	-2	-27
 3145	2213660	28157	-2	-27
 3146	2214589	28157	-2	-27
 3147	2215548	28157	-2	-27
 3148	2216866	28157	-2	-27
 3149	2217783	28157	-2	-27
 3150	2217871	28157	-2	-27
 3151	2217961	28157	-2	-27
 3152	2218377	28157	-2	-27
 3153	2219400	28157	-2	-27
 3154	2220811	28157	-2	-27
 3155	2221690	28157	-2	-27
 3156	2222141	28157	-2	-27
 3157	2222956	28157	-2	-27
 3158	2223901	28157	-2	-27
 3159	2223994	28157	-2	-27
 3160	2224187	28157	-2	-27
 3161	2225102	28157	-2	-27
 3162	2225917	28157	-2	-27
 3163	2226892	28157	-2	-27
 3164	2227309	28157	-2	-27
 3165	2227716	28157	-2	-27
 3166	2227996	28157	-2	-27
 3167	2228191	28157	-2	-27
 3168	2228671	28157	-2	-27
 3169	2229875	28157	-2	-27
 3170	2230770	28157	-2	-27
 3171	2232208	28157	-2	-27
 3172	2233177	28157	-2	-27
 3173	2234110	28157	-2	-27
 3174	2235039	28157	-2	-27
 3175	2235494	28157	-2	-27
 3176	2236335	28157	-2	-27
 3177	2237142	28157	-2	-27
 3178	2237967	28157	-2	-27
 3179	2238798	28157	-2	-27
 3180	2239184	28157	-2	-27
 3181	2240089	28157	-2	-27
 3182	2240515	28157	-2	-27
 3183	2241468	28157	-2	-27
 3184	2242449	28157	-2	-27
 3185	2243348	28157	-2	-27
 3186	2244281	28157	-2	-27
 3187	2244369	28157	-2	-27
 3188	2245831	28157	-2	-27
 3189	2246576	28157	-2	-27
 3190	2247519	28157	-2	-27
 3191	2248432	28157	-2	-27
 3192	2248889	28157	-2	-27
 3193	2249290	28157	-2	-27
 3194	2249705	28157	-2	-27
 3195	2250600	28157	-2	-27
 3196	2251431	28157	-2	-27
 3197	2251876	28157	-2	-27
 3198	2251951	28157	-2	-27
 3199	2253428	28157	-2	-27
 3200	2254309	28157	-2	-27
 3201	2255200	28157	-2	-27
 3202	2256171	28157	-2	-27
 3203	2256244	28157	-2	-27
 3204	2257123	28157	-2	-27
 3205	2258006	28157	-2	-27
 3206	2259183	28157	-2	-27
 3207	2260100	28157	-2	-27
 3208	2260891	28157	-2	-27
 3209	2261838	28157	-2	-27
 3210	2262263	28157	-2	-27
 3211	2262351	28157	-2	-27
 3212	2263220	28157	-2	-27
 3213	2263505	28157	-2	-27
 3214	2263930	28157	-2	-27
 3215	2264020	28157	-2	-27
 3216	2264899	28157	-2	-27
 3217	2266391	28157	-2	-27
 3218	2267334	28157	-2	-27
 3219	2268853	28157	-2	-27
 3220	2269638	28157	-2	-27
 3221	2270637	28157	-2	-27
 3222	2271105	28157	-2	-27
 3223	2271523	28157	-2	-27
 3224	2272424	28157	-2	-27
 3225	2272870	28157	-2	-27
 3226	2274281	28157	-2	-27
 3227	2275196	28157	-2	-27
 3228	2276061	28157	-2	-27
 3229	2276954	28157	-2	-27
 3230	2278389	28157	-2	-27
 3231	2278796	28157	-2	-27
 3232	2279661	28157	-2	-27
 3233	2280121	28157	-2	-27
 3234	2280988	28157	-2	-27
 3235	2281174	28157	-2	-27
 3236	2282125	28157	-2	-27
 3237	2283038	28157	-2	-27
 3238	2283989	28157	-2	-27
 3239	2284944	28157	-2	-27
 3240	2285368	28157	-2	-27
 3241	2286289	28157	-2	-27
 3242	2286394	28157	-2	-27
 3243	2286517	28157	-2	-27
 3244	2286953	28157	-2	-27
 3245	2288172	28157	-2	-27
 3246	2289105	28157	-2	-27
 3247	2290026	28157	-2	-27
 3248	2290879	28157	-2	-27
 3249	2291296	28157	-2	-27
 3250	2292674	28157	-2	-27
 3251	2293124	28157	-2	-27
 3252	2294063	28157	-2	-27
 3253	2295032	28157	-2	-27
 3254	2295965	28157	-2	-27
 3255	2296902	28157	-2	-27
 3256	2297799	28157	-2	-27
 3257	2298187	28157	-2	-27
 3258	2298992	28157	-2	-27
 3259	2300403	28157	-2	-27
 3260	2300871	28157	-2	-27
 3261	2301742	28157	-2	-27
 3262	2302629	28157	-2	-27
 3263	2303564	28157	-2	-27
 3264	2303674	28157	-2	-27
 3265	2304561	28157	-2	-27
 3266	2305474	28157	-2	-27
 3267	2306375	28157	-2	-27
 3268	2306812	28157	-2	-27
 3269	2307681	28157	-2	-27
 3270	2308576	28157	-2	-27
 3271	2309511	28157	-2	-27
 3272	2310991	28157	-2	-27
 3273	2312012	28157	-2	-27
 3274	2312899	28157	-2	-27
 3275	2313788	28157	-2	-27
 3276	2314201	28157	-2	-27
 3277	2314651	28157	-2	-27
 3278	2315648	28157	-2	-27
 3279	2316527	28157	-2	-27
 3280	2317428	28157	-2	-27
 3281	2318243	28157	-2	-27
 3282	2319717	28157	-2	-27
 3283	2319829	28157	-2	-27
 3284	2321285	28157	-2	-27
 3285	2322322	28157	-2	-27
 3286	2323207	28157	-2	-27
 3287	2323292	28157	-2	-27
 3288	2324083	28157	-2	-27
 3289	2325018	28157	-2	-27
 3290	2325167	28157	-2	-27
 3291	2326128	28157	-2	-27
 3292	2326987	28157	-2	-27
 3293	2327421	28157	-2	-27
 3294	2327890	28157	-2	-27
 3295	2328781	28157	-2	-27
 3296	2329644	28157	-2	-27
 3297	2331058	28157	-2	-27
 3298	2331927	28157	-2	-27
 3299	2332768	28157	-2	-27
 3300	2334122	28157	-2	-27
 3301	2334522	28157	-2	-27
 3302	2335427	28157	-2	-27
 3303	2336276	28157	-2	-27
 3304	2337215	28157	-2	-27
 3305	2338178	28157	-2	-27
 3306	2339065	28157	-2	-27
 3307	2339958	28157	-2	-27
 3308	2340791	28157	-2	-27
 3309	2341246	28157	-2	-27
 3310	2342125	28157	-2	-27
 3311	2342547	28157	-2	-27
 3312	2343458	28157	-2	-27
 3313	2344343	28157	-2	-27
 3314	2345230	28157	-2	-27
 3315	2346135	28157	-2	-27
 3316	2347014	28157	-2	-27
 3317	2348035	28157	-2	-27
 3318	2348490	28157	-2	-27
 3319	2349307	28157	-2	-27
 3320	2350595	28157	-2	-27
 3321	2351901	28157	-2	-27
 3322	2352774	28157	-2	-27
 3323	2353727	28157	-2	-27
 3324	2354137	28157	-2	-27
 3325	2354992	28157	-2	-27
 3326	2355879	28157	-2	-27
 3327	2355964	28157	-2	-27
 3328	2356841	28157	-2	-27
 3329	2357688	28157	-2	-27
 3330	2359102	28157	-2	-27
 3331	2359538	28157	-2	-27
 3332	2360473	28157	-2	-27
 3333	2361842	28157	-2	-27
 3334	2362243	28157	-2	-27
 3335	2363513	28157	-2	-27
 3336	2364747	28157	-2	-27
 3337	2365678	28157	-2	-27
 3338	2366118	28157	-2	-27
 3339	2367355	28157	-2	-27
 3340	2368286	28157	-2	-27
 3341	2368392	28157	-2	-27
 3342	2369303	28157	-2	-27
 3343	2370212	28157	-2	-27
 3344	2371081	28157	-2	-27
 3345	2372066	28157	-2	-27
 3346	2372957	28157	-2	-27
 3347	2373840	28157	-2	-27
 3348	2374591	28157	-2	-27
 3349	2375552	28157	-2	-27
 3350	2376569	28157	-2	-27
 3351	2377422	28157	-2	-27
 3352	2377767	28157	-2	-27
 3353	2378582	28157	-2	-27
 3354	2378964	28157	-2	-27
 3355	2379801	28157	-2	-27
 3356	2381104	28157	-2	-27
 3357	2382013	28157	-2	-27
 3358	2382880	28157	-2	-27
 3359	2383767	28157	-2	-27
 3360	2384223	28157	-2	-27
