0	1.0	53076
1	2.0	17120
2	3.0	9081
3	4.0	6048
4	5.0	4487
5	6.0	3363
6	7.0	2795
7	8.0	2384
8	9.0	1932
9	10.0	1736
10	11.0	1520
11	12.0	1354
12	13.0	1221
13	14.0	1119
14	15.0	999
15	16.0	974
16	17.0	832
17	18.0	793
18	19.0	739
19	20.0	623
20	21.0	630
21	22.0	607
22	23.0	580
23	24.0	554
24	25.0	487
25	26.0	500
26	27.0	433
27	28.0	426
28	29.0	381
29	30.0	402
30	31.0	375
31	32.0	314
32	33.0	345
33	34.0	325
34	35.0	302
35	36.0	297
36	37.0	278
37	38.0	286
38	39.0	273
39	40.0	253
40	41.0	231
41	42.0	229
42	43.0	247
43	44.0	226
44	45.0	208
45	46.0	224
46	47.0	202
47	48.0	188
48	49.0	232
49	50.0	181
50	51.0	213
51	52.0	203
52	53.0	132
53	54.0	195
54	55.0	161
55	56.0	152
56	57.0	164
57	58.0	134
58	59.0	128
59	60.0	132
60	61.0	150
61	62.0	127
62	63.0	124
63	64.0	114
64	65.0	121
65	66.0	109
66	67.0	121
67	68.0	129
68	69.0	123
69	70.0	110
70	71.0	94
71	72.0	124
72	73.0	107
73	74.0	91
74	75.0	91
75	76.0	111
76	77.0	96
77	78.0	103
78	79.0	86
79	80.0	79
80	81.0	73
81	82.0	94
82	83.0	73
83	84.0	67
84	85.0	71
85	86.0	78
86	87.0	77
87	88.0	83
88	89.0	77
89	90.0	89
90	91.0	67
91	92.0	81
92	93.0	65
93	94.0	78
94	95.0	67
95	96.0	71
96	97.0	65
97	98.0	61
98	99.0	80
99	100.0	52
100	101.0	68
101	102.0	76
102	103.0	63
103	104.0	69
104	105.0	56
105	106.0	76
106	107.0	64
107	108.0	54
108	109.0	62
109	110.0	39
110	111.0	67
111	112.0	49
112	113.0	50
113	114.0	50
114	115.0	53
115	116.0	45
116	117.0	58
117	118.0	44
118	119.0	47
119	120.0	49
120	121.0	47
121	122.0	57
122	123.0	57
123	124.0	45
124	125.0	32
125	126.0	36
126	127.0	46
127	128.0	44
128	129.0	40
129	130.0	41
130	131.0	38
131	132.0	42
132	133.0	39
133	134.0	47
134	135.0	37
135	136.0	42
136	137.0	49
137	138.0	41
138	139.0	39
139	140.0	42
140	141.0	40
141	142.0	37
142	143.0	27
143	144.0	45
144	145.0	29
145	146.0	32
146	147.0	25
147	148.0	23
148	149.0	32
149	150.0	37
150	151.0	38
151	152.0	42
152	153.0	26
153	154.0	30
154	155.0	32
155	156.0	39
156	157.0	33
157	158.0	33
158	159.0	31
159	160.0	39
160	161.0	32
161	162.0	31
162	163.0	27
163	164.0	37
164	165.0	29
165	166.0	26
166	167.0	22
167	168.0	31
168	169.0	32
169	170.0	26
170	171.0	23
171	172.0	30
172	173.0	31
173	174.0	37
174	175.0	29
175	176.0	22
176	177.0	23
177	178.0	28
178	179.0	33
179	180.0	21
180	181.0	20
181	182.0	16
182	183.0	24
183	184.0	25
184	185.0	21
185	186.0	29
186	187.0	24
187	188.0	19
188	189.0	28
189	190.0	22
190	191.0	22
191	192.0	25
192	193.0	27
193	194.0	26
194	195.0	24
195	196.0	25
196	197.0	29
197	198.0	18
198	199.0	26
199	200.0	26
200	201.0	30
201	202.0	26
202	203.0	22
203	204.0	15
204	205.0	14
205	206.0	13
206	207.0	26
207	208.0	19
208	209.0	21
209	210.0	27
210	211.0	25
211	212.0	18
212	213.0	17
213	214.0	21
214	215.0	15
215	216.0	17
216	217.0	22
217	218.0	18
218	219.0	5
219	220.0	23
220	221.0	12
221	222.0	24
222	223.0	16
223	224.0	22
224	225.0	20
225	226.0	18
226	227.0	16
227	228.0	19
228	229.0	18
229	230.0	22
230	231.0	17
231	232.0	21
232	233.0	22
233	234.0	23
234	235.0	18
235	236.0	17
236	237.0	19
237	238.0	17
238	239.0	14
239	240.0	19
240	241.0	10
241	242.0	13
242	243.0	22
243	244.0	13
244	245.0	20
245	246.0	19
246	247.0	15
247	248.0	12
248	249.0	17
249	250.0	13
250	251.0	12
251	252.0	10
252	253.0	8
253	254.0	15
254	255.0	12
255	256.0	14
256	257.0	13
257	258.0	22
258	259.0	11
259	260.0	23
260	261.0	9
261	262.0	17
262	263.0	15
263	264.0	10
264	265.0	17
265	266.0	15
266	267.0	16
267	268.0	10
268	269.0	10
269	270.0	13
270	271.0	14
271	272.0	14
272	273.0	16
273	274.0	12
274	275.0	12
275	276.0	10
276	277.0	17
277	278.0	8
278	279.0	18
279	280.0	14
280	281.0	11
281	282.0	15
282	283.0	7
283	284.0	8
284	285.0	11
285	286.0	12
286	287.0	14
287	288.0	14
288	289.0	14
289	290.0	7
290	291.0	8
291	292.0	14
292	293.0	12
293	294.0	18
294	295.0	10
295	296.0	7
296	297.0	8
297	298.0	13
298	299.0	10
299	300.0	15
300	301.0	6
301	302.0	11
302	303.0	7
303	304.0	8
304	305.0	10
305	306.0	11
306	307.0	7
307	308.0	9
308	309.0	11
309	310.0	11
310	311.0	11
311	312.0	11
312	313.0	11
313	314.0	12
314	315.0	11
315	316.0	6
316	317.0	7
317	318.0	5
318	319.0	7
319	320.0	13
320	321.0	9
321	322.0	14
322	323.0	10
323	324.0	11
324	325.0	16
325	326.0	11
326	327.0	7
327	328.0	9
328	329.0	14
329	330.0	12
330	331.0	8
331	332.0	5
332	333.0	7
333	334.0	12
334	335.0	5
335	336.0	13
336	337.0	10
337	338.0	8
338	339.0	11
339	340.0	7
340	341.0	10
341	342.0	10
342	343.0	10
343	344.0	12
344	345.0	9
345	346.0	10
346	347.0	9
347	348.0	8
348	349.0	6
349	350.0	6
350	351.0	4
351	352.0	9
352	353.0	6
353	354.0	11
354	355.0	7
355	356.0	11
356	357.0	6
357	358.0	5
358	359.0	8
359	360.0	6
360	361.0	4
361	362.0	4
362	363.0	6
363	364.0	11
364	365.0	7
365	366.0	12
366	367.0	6
367	368.0	9
368	369.0	4
369	370.0	9
370	371.0	5
371	372.0	8
372	373.0	8
373	374.0	6
374	375.0	14
375	376.0	9
376	377.0	9
377	378.0	7
378	379.0	10
379	380.0	5
380	381.0	6
381	382.0	4
382	383.0	3
383	384.0	5
384	385.0	8
385	386.0	7
386	387.0	5
387	388.0	16
388	389.0	6
389	390.0	8
390	391.0	7
391	392.0	7
392	393.0	8
393	394.0	4
394	395.0	8
395	396.0	11
396	397.0	10
397	398.0	6
398	399.0	8
399	400.0	3263
