1  626.0 1321.0 385.0 3057.0 3057.0
2  149.0 308.0 335.0 1433.0 1433.0
3  46.0 265.0 236.0 805.0 805.0
4  46.0 244.0 212.0 542.0 542.0
5  33.0 211.0 201.0 462.0 462.0
6  32.0 202.0 194.0 318.0 318.0
7  27.0 172.0 165.0 274.0 274.0
8  27.0 168.0 152.0 257.0 257.0
9  21.0 124.0 149.0 248.0 248.0
10  21.0 114.0 141.0 241.0 241.0
11  18.0 94.0 120.0 241.0 241.0
12  17.0 91.0 114.0 231.0 231.0
13  16.0 91.0 101.0 186.0 186.0
14  15.0 90.0 93.0 170.0 170.0
15  14.0 82.0 92.0 167.0 167.0
16  11.0 81.0 82.0 152.0 152.0
17  11.0 80.0 75.0 150.0 150.0
18  10.0 75.0 63.0 142.0 142.0
19  9.0 71.0 59.0 116.0 116.0
20  8.0 71.0 52.0 115.0 115.0
21  8.0 71.0 51.0 114.0 114.0
22  8.0 66.0 50.0 111.0 111.0
23  8.0 65.0 48.0 106.0 106.0
24  7.0 65.0 48.0 105.0 105.0
25  7.0 64.0 47.0 103.0 103.0
26  7.0 59.0 47.0 103.0 103.0
27  7.0 57.0 45.0 102.0 102.0
28  7.0 52.0 43.0 102.0 102.0
29  7.0 51.0 42.0 99.0 99.0
30  6.0 48.0 41.0 92.0 92.0
31  6.0 45.0 40.0 91.0 91.0
32  6.0 44.0 39.0 91.0 91.0
33  6.0 43.0 39.0 89.0 89.0
34  6.0 42.0 38.0 88.0 88.0
35  5.0 41.0 37.0 88.0 88.0
36  5.0 37.0 37.0 87.0 87.0
37  5.0 37.0 36.0 86.0 86.0
38  5.0 34.0 36.0 85.0 85.0
39  5.0 34.0 33.0 84.0 84.0
40  5.0 34.0 33.0 84.0 84.0
41  5.0 33.0 30.0 81.0 81.0
42  4.0 32.0 29.0 80.0 80.0
43  4.0 32.0 29.0 80.0 80.0
44  4.0 30.0 29.0 78.0 78.0
45  4.0 30.0 29.0 77.0 77.0
46  4.0 30.0 27.0 77.0 77.0
47  4.0 29.0 27.0 77.0 77.0
48  4.0 28.0 26.0 76.0 76.0
49  4.0 28.0 26.0 76.0 76.0
50  4.0 27.0 25.0 75.0 75.0
51  4.0 26.0 25.0 73.0 73.0
52  4.0 25.0 25.0 72.0 72.0
53  4.0 24.0 24.0 69.0 69.0
54  4.0 24.0 24.0 67.0 67.0
55  4.0 23.0 24.0 66.0 66.0
56  4.0 23.0 23.0 65.0 65.0
57  4.0 22.0 22.0 65.0 65.0
58  3.0 22.0 22.0 65.0 65.0
59  3.0 22.0 22.0 63.0 63.0
60  3.0 21.0 21.0 63.0 63.0
61  3.0 21.0 21.0 63.0 63.0
62  3.0 21.0 21.0 62.0 62.0
63  3.0 21.0 20.0 61.0 61.0
64  3.0 20.0 20.0 61.0 61.0
65  3.0 20.0 19.0 60.0 60.0
66  3.0 20.0 18.0 59.0 59.0
67  3.0 20.0 18.0 58.0 58.0
68  3.0 19.0 18.0 57.0 57.0
69  3.0 19.0 18.0 57.0 57.0
70  3.0 19.0 17.0 57.0 57.0
71  3.0 18.0 17.0 57.0 57.0
72  3.0 18.0 17.0 57.0 57.0
73  3.0 18.0 17.0 55.0 55.0
74  3.0 18.0 17.0 55.0 55.0
75  3.0 18.0 17.0 54.0 54.0
76  3.0 18.0 17.0 54.0 54.0
77  3.0 18.0 16.0 53.0 53.0
78  3.0 18.0 16.0 52.0 52.0
79  3.0 18.0 16.0 52.0 52.0
80  3.0 18.0 16.0 51.0 51.0
81  3.0 17.0 16.0 51.0 51.0
82  3.0 17.0 16.0 51.0 51.0
83  3.0 17.0 16.0 51.0 51.0
84  3.0 17.0 15.0 51.0 51.0
85  3.0 17.0 15.0 50.0 50.0
86  3.0 17.0 15.0 50.0 50.0
87  2.0 16.0 15.0 49.0 49.0
88  2.0 16.0 14.0 49.0 49.0
89  2.0 16.0 14.0 48.0 48.0
90  2.0 16.0 14.0 48.0 48.0
91  2.0 16.0 13.0 47.0 47.0
92  2.0 16.0 13.0 47.0 47.0
93  2.0 16.0 13.0 47.0 47.0
94  2.0 15.0 13.0 46.0 46.0
95  2.0 15.0 13.0 46.0 46.0
96  2.0 15.0 13.0 46.0 46.0
97  2.0 15.0 12.0 46.0 46.0
98  2.0 15.0 12.0 45.0 45.0
99  2.0 15.0 12.0 45.0 45.0
100  2.0 15.0 12.0 45.0 45.0
101  2.0 15.0 11.0 45.0 45.0
102  2.0 14.0 11.0 45.0 45.0
103  2.0 14.0 11.0 44.0 44.0
104  2.0 14.0 11.0 44.0 44.0
105  2.0 14.0 11.0 43.0 43.0
106  2.0 14.0 11.0 43.0 43.0
107  2.0 14.0 11.0 42.0 42.0
108  2.0 14.0 11.0 42.0 42.0
109  2.0 13.0 11.0 41.0 41.0
110  2.0 13.0 10.0 40.0 40.0
111  2.0 13.0 10.0 40.0 40.0
112  2.0 13.0 10.0 40.0 40.0
113  2.0 13.0 10.0 40.0 40.0
114  2.0 13.0 10.0 39.0 39.0
115  2.0 13.0 10.0 39.0 39.0
116  2.0 13.0 10.0 39.0 39.0
117  2.0 13.0 10.0 38.0 38.0
118  2.0 13.0 10.0 37.0 37.0
119  2.0 13.0 10.0 37.0 37.0
120  2.0 12.0 10.0 37.0 37.0
121  2.0 12.0 10.0 36.0 36.0
122  2.0 12.0 10.0 36.0 36.0
123  2.0 12.0 10.0 36.0 36.0
124  2.0 12.0 10.0 36.0 36.0
125  2.0 12.0 10.0 35.0 35.0
126  2.0 12.0 10.0 35.0 35.0
127  2.0 12.0 9.0 35.0 35.0
128  2.0 11.0 9.0 34.0 34.0
129  2.0 11.0 9.0 34.0 34.0
130  2.0 11.0 9.0 34.0 34.0
131  2.0 11.0 9.0 34.0 34.0
132  2.0 11.0 9.0 34.0 34.0
133  2.0 11.0 9.0 34.0 34.0
134  2.0 11.0 9.0 33.0 33.0
135  2.0 11.0 9.0 33.0 33.0
136  2.0 11.0 9.0 33.0 33.0
137  2.0 11.0 9.0 33.0 33.0
138  2.0 11.0 9.0 33.0 33.0
139  2.0 11.0 9.0 33.0 33.0
140  2.0 11.0 9.0 32.0 32.0
141  2.0 10.0 9.0 32.0 32.0
142  2.0 10.0 9.0 32.0 32.0
143  2.0 10.0 9.0 32.0 32.0
144  2.0 10.0 9.0 31.0 31.0
145  2.0 10.0 9.0 31.0 31.0
146  2.0 10.0 9.0 31.0 31.0
147  2.0 10.0 9.0 31.0 31.0
148  2.0 10.0 9.0 31.0 31.0
149  2.0 10.0 9.0 30.0 30.0
150  2.0 10.0 9.0 30.0 30.0
151  2.0 10.0 9.0 30.0 30.0
152  2.0 10.0 8.0 30.0 30.0
153  2.0 10.0 8.0 30.0 30.0
154  2.0 10.0 8.0 30.0 30.0
155  2.0 10.0 8.0 29.0 29.0
156  2.0 10.0 8.0 29.0 29.0
157  2.0 9.0 8.0 29.0 29.0
158  2.0 9.0 8.0 29.0 29.0
159  2.0 9.0 8.0 29.0 29.0
160  2.0 9.0 8.0 28.0 28.0
161  2.0 9.0 8.0 28.0 28.0
162  2.0 9.0 8.0 28.0 28.0
163  2.0 9.0 8.0 28.0 28.0
164  2.0 9.0 8.0 28.0 28.0
165  2.0 9.0 8.0 28.0 28.0
166  2.0 9.0 8.0 28.0 28.0
167  2.0 9.0 8.0 28.0 28.0
168  2.0 8.0 8.0 27.0 27.0
169  2.0 8.0 8.0 27.0 27.0
170  2.0 8.0 8.0 27.0 27.0
171  2.0 8.0 8.0 27.0 27.0
172  2.0 8.0 8.0 27.0 27.0
173  2.0 8.0 8.0 27.0 27.0
174  2.0 8.0 8.0 27.0 27.0
175  2.0 8.0 7.0 27.0 27.0
176  2.0 8.0 7.0 27.0 27.0
177  2.0 8.0 7.0 27.0 27.0
178  2.0 8.0 7.0 26.0 26.0
179  2.0 8.0 7.0 26.0 26.0
180  2.0 8.0 7.0 26.0 26.0
181  2.0 8.0 7.0 26.0 26.0
182  2.0 8.0 7.0 26.0 26.0
183  2.0 8.0 7.0 26.0 26.0
184  2.0 8.0 7.0 26.0 26.0
185  2.0 7.0 7.0 25.0 25.0
186  2.0 7.0 7.0 25.0 25.0
187  2.0 7.0 7.0 25.0 25.0
188  2.0 7.0 7.0 25.0 25.0
189  2.0 7.0 7.0 25.0 25.0
190  2.0 7.0 7.0 25.0 25.0
191  1.0 7.0 7.0 25.0 25.0
192  1.0 7.0 7.0 25.0 25.0
193  1.0 7.0 7.0 24.0 24.0
194  1.0 7.0 7.0 24.0 24.0
195  1.0 7.0 7.0 24.0 24.0
196  1.0 7.0 7.0 24.0 24.0
197  1.0 7.0 7.0 24.0 24.0
198  1.0 7.0 7.0 24.0 24.0
199  1.0 7.0 7.0 24.0 24.0
200  1.0 7.0 7.0 24.0 24.0
201  1.0 7.0 7.0 24.0 24.0
202  1.0 7.0 7.0 23.0 23.0
203  1.0 7.0 7.0 23.0 23.0
204  1.0 7.0 7.0 23.0 23.0
205  1.0 7.0 7.0 23.0 23.0
206  1.0 7.0 7.0 23.0 23.0
207  1.0 7.0 7.0 23.0 23.0
208  1.0 7.0 6.0 23.0 23.0
209  1.0 7.0 6.0 23.0 23.0
210  1.0 7.0 6.0 23.0 23.0
211  1.0 7.0 6.0 23.0 23.0
212  1.0 7.0 6.0 23.0 23.0
213  1.0 7.0 6.0 23.0 23.0
214  1.0 7.0 6.0 23.0 23.0
215  1.0 7.0 6.0 23.0 23.0
216  1.0 7.0 6.0 23.0 23.0
217  1.0 7.0 6.0 23.0 23.0
218  1.0 7.0 6.0 22.0 22.0
219  1.0 7.0 6.0 22.0 22.0
220  1.0 6.0 6.0 22.0 22.0
221  1.0 6.0 6.0 22.0 22.0
222  1.0 6.0 6.0 22.0 22.0
223  1.0 6.0 6.0 22.0 22.0
224  1.0 6.0 6.0 22.0 22.0
225  1.0 6.0 6.0 22.0 22.0
226  1.0 6.0 6.0 22.0 22.0
227  1.0 6.0 6.0 22.0 22.0
228  1.0 6.0 6.0 21.0 21.0
229  1.0 6.0 6.0 21.0 21.0
230  1.0 6.0 6.0 21.0 21.0
231  1.0 6.0 6.0 21.0 21.0
232  1.0 6.0 6.0 21.0 21.0
233  1.0 6.0 6.0 21.0 21.0
234  1.0 6.0 6.0 21.0 21.0
235  1.0 6.0 6.0 21.0 21.0
236  1.0 6.0 6.0 21.0 21.0
237  1.0 6.0 6.0 21.0 21.0
238  1.0 6.0 6.0 21.0 21.0
239  1.0 6.0 6.0 21.0 21.0
240  1.0 6.0 6.0 20.0 20.0
241  1.0 6.0 6.0 20.0 20.0
242  1.0 6.0 6.0 20.0 20.0
243  1.0 6.0 6.0 20.0 20.0
244  1.0 6.0 6.0 20.0 20.0
245  1.0 6.0 6.0 20.0 20.0
246  1.0 6.0 6.0 20.0 20.0
247  1.0 6.0 6.0 20.0 20.0
248  1.0 6.0 6.0 20.0 20.0
249  1.0 6.0 6.0 20.0 20.0
250  1.0 6.0 6.0 20.0 20.0
251  1.0 6.0 5.0 20.0 20.0
252  1.0 6.0 5.0 20.0 20.0
253  1.0 6.0 5.0 20.0 20.0
254  1.0 6.0 5.0 20.0 20.0
255  1.0 6.0 5.0 20.0 20.0
256  1.0 6.0 5.0 20.0 20.0
257  1.0 6.0 5.0 20.0 20.0
258  1.0 6.0 5.0 19.0 19.0
259  1.0 6.0 5.0 19.0 19.0
260  1.0 6.0 5.0 19.0 19.0
261  1.0 6.0 5.0 19.0 19.0
262  1.0 6.0 5.0 19.0 19.0
263  1.0 6.0 5.0 19.0 19.0
264  1.0 6.0 5.0 19.0 19.0
265  1.0 6.0 5.0 19.0 19.0
266  1.0 6.0 5.0 19.0 19.0
267  1.0 6.0 5.0 19.0 19.0
268  1.0 6.0 5.0 19.0 19.0
269  1.0 6.0 5.0 19.0 19.0
270  1.0 6.0 5.0 19.0 19.0
271  1.0 6.0 5.0 19.0 19.0
272  1.0 5.0 5.0 19.0 19.0
273  1.0 5.0 5.0 18.0 18.0
274  1.0 5.0 5.0 18.0 18.0
275  1.0 5.0 5.0 18.0 18.0
276  1.0 5.0 5.0 18.0 18.0
277  1.0 5.0 5.0 18.0 18.0
278  1.0 5.0 5.0 18.0 18.0
279  1.0 5.0 5.0 18.0 18.0
280  1.0 5.0 5.0 18.0 18.0
281  1.0 5.0 5.0 18.0 18.0
282  1.0 5.0 5.0 18.0 18.0
283  1.0 5.0 5.0 18.0 18.0
284  1.0 5.0 5.0 18.0 18.0
285  1.0 5.0 5.0 18.0 18.0
286  1.0 5.0 5.0 18.0 18.0
287  1.0 5.0 5.0 18.0 18.0
288  1.0 5.0 5.0 18.0 18.0
289  1.0 5.0 5.0 18.0 18.0
290  1.0 5.0 5.0 18.0 18.0
291  1.0 5.0 5.0 18.0 18.0
292  1.0 5.0 5.0 18.0 18.0
293  1.0 5.0 5.0 17.0 17.0
294  1.0 5.0 5.0 17.0 17.0
295  1.0 5.0 5.0 17.0 17.0
296  1.0 5.0 5.0 17.0 17.0
297  1.0 5.0 5.0 17.0 17.0
298  1.0 5.0 5.0 17.0 17.0
299  1.0 5.0 5.0 17.0 17.0
300  1.0 5.0 5.0 17.0 17.0
301  1.0 5.0 5.0 17.0 17.0
302  1.0 5.0 5.0 17.0 17.0
303  1.0 5.0 5.0 17.0 17.0
304  1.0 5.0 5.0 17.0 17.0
305  1.0 5.0 4.0 17.0 17.0
306  1.0 5.0 4.0 17.0 17.0
307  1.0 5.0 4.0 17.0 17.0
308  1.0 5.0 4.0 17.0 17.0
309  1.0 5.0 4.0 17.0 17.0
310  1.0 5.0 4.0 17.0 17.0
311  1.0 5.0 4.0 17.0 17.0
312  1.0 5.0 4.0 17.0 17.0
313  1.0 5.0 4.0 17.0 17.0
314  1.0 5.0 4.0 17.0 17.0
315  1.0 5.0 4.0 16.0 16.0
316  1.0 5.0 4.0 16.0 16.0
317  1.0 5.0 4.0 16.0 16.0
318  1.0 5.0 4.0 16.0 16.0
319  1.0 5.0 4.0 16.0 16.0
320  1.0 5.0 4.0 16.0 16.0
321  1.0 5.0 4.0 16.0 16.0
322  1.0 5.0 4.0 16.0 16.0
323  1.0 5.0 4.0 16.0 16.0
324  1.0 5.0 4.0 16.0 16.0
325  1.0 5.0 4.0 16.0 16.0
326  1.0 5.0 4.0 16.0 16.0
327  1.0 5.0 4.0 16.0 16.0
328  1.0 5.0 4.0 16.0 16.0
329  1.0 5.0 4.0 16.0 16.0
330  1.0 5.0 4.0 16.0 16.0
331  1.0 5.0 4.0 16.0 16.0
332  1.0 5.0 4.0 16.0 16.0
333  1.0 4.0 4.0 16.0 16.0
334  1.0 4.0 4.0 16.0 16.0
335  1.0 4.0 4.0 16.0 16.0
336  1.0 4.0 4.0 16.0 16.0
337  1.0 4.0 4.0 16.0 16.0
338  1.0 4.0 4.0 16.0 16.0
339  1.0 4.0 4.0 16.0 16.0
340  1.0 4.0 4.0 16.0 16.0
341  1.0 4.0 4.0 16.0 16.0
342  1.0 4.0 4.0 16.0 16.0
343  1.0 4.0 4.0 16.0 16.0
344  1.0 4.0 4.0 15.0 15.0
345  1.0 4.0 4.0 15.0 15.0
346  1.0 4.0 4.0 15.0 15.0
347  1.0 4.0 4.0 15.0 15.0
348  1.0 4.0 4.0 15.0 15.0
349  1.0 4.0 4.0 15.0 15.0
350  1.0 4.0 4.0 15.0 15.0
351  1.0 4.0 4.0 15.0 15.0
352  1.0 4.0 4.0 15.0 15.0
353  1.0 4.0 4.0 15.0 15.0
354  1.0 4.0 4.0 15.0 15.0
355  1.0 4.0 4.0 15.0 15.0
356  1.0 4.0 4.0 15.0 15.0
357  1.0 4.0 4.0 15.0 15.0
358  1.0 4.0 4.0 15.0 15.0
359  1.0 4.0 4.0 15.0 15.0
360  1.0 4.0 4.0 15.0 15.0
361  1.0 4.0 4.0 15.0 15.0
362  1.0 4.0 4.0 15.0 15.0
363  1.0 4.0 4.0 15.0 15.0
364  1.0 4.0 4.0 15.0 15.0
365  1.0 4.0 4.0 15.0 15.0
366  1.0 4.0 4.0 15.0 15.0
367  1.0 4.0 4.0 15.0 15.0
368  1.0 4.0 4.0 15.0 15.0
369  1.0 4.0 4.0 15.0 15.0
370  1.0 4.0 4.0 14.0 14.0
371  1.0 4.0 4.0 14.0 14.0
372  1.0 4.0 4.0 14.0 14.0
373  1.0 4.0 4.0 14.0 14.0
374  1.0 4.0 4.0 14.0 14.0
375  1.0 4.0 4.0 14.0 14.0
376  1.0 4.0 4.0 14.0 14.0
377  1.0 4.0 4.0 14.0 14.0
378  1.0 4.0 4.0 14.0 14.0
379  1.0 4.0 4.0 14.0 14.0
380  1.0 4.0 4.0 14.0 14.0
381  1.0 4.0 4.0 14.0 14.0
382  1.0 4.0 4.0 14.0 14.0
383  1.0 4.0 4.0 14.0 14.0
384  1.0 4.0 4.0 14.0 14.0
385  1.0 4.0 4.0 14.0 14.0
386  1.0 4.0 4.0 14.0 14.0
387  1.0 4.0 4.0 14.0 14.0
388  1.0 4.0 4.0 14.0 14.0
389  1.0 4.0 4.0 14.0 14.0
390  1.0 4.0 4.0 14.0 14.0
391  1.0 4.0 4.0 14.0 14.0
392  1.0 4.0 4.0 14.0 14.0
393  1.0 4.0 4.0 14.0 14.0
394  1.0 4.0 4.0 14.0 14.0
395  1.0 4.0 4.0 14.0 14.0
396  1.0 4.0 4.0 14.0 14.0
397  1.0 4.0 4.0 14.0 14.0
398  1.0 4.0 4.0 14.0 14.0
399  1.0 4.0 4.0 14.0 14.0
400  1.0 4.0 4.0 13.0 13.0
401  1.0 4.0 4.0 13.0 13.0
402  1.0 4.0 4.0 13.0 13.0
403  1.0 4.0 3.0 13.0 13.0
404  1.0 4.0 3.0 13.0 13.0
405  1.0 4.0 3.0 13.0 13.0
406  1.0 4.0 3.0 13.0 13.0
407  1.0 4.0 3.0 13.0 13.0
408  1.0 4.0 3.0 13.0 13.0
409  1.0 4.0 3.0 13.0 13.0
410  1.0 4.0 3.0 13.0 13.0
411  1.0 4.0 3.0 13.0 13.0
412  1.0 4.0 3.0 13.0 13.0
413  1.0 4.0 3.0 13.0 13.0
414  1.0 4.0 3.0 13.0 13.0
415  1.0 4.0 3.0 13.0 13.0
416  1.0 4.0 3.0 13.0 13.0
417  1.0 4.0 3.0 13.0 13.0
418  1.0 4.0 3.0 13.0 13.0
419  1.0 4.0 3.0 13.0 13.0
420  1.0 4.0 3.0 13.0 13.0
421  1.0 4.0 3.0 13.0 13.0
422  1.0 4.0 3.0 13.0 13.0
423  1.0 4.0 3.0 13.0 13.0
424  1.0 4.0 3.0 13.0 13.0
425  1.0 3.0 3.0 13.0 13.0
426  1.0 3.0 3.0 13.0 13.0
427  1.0 3.0 3.0 13.0 13.0
428  1.0 3.0 3.0 13.0 13.0
429  1.0 3.0 3.0 12.0 12.0
430  1.0 3.0 3.0 12.0 12.0
431  1.0 3.0 3.0 12.0 12.0
432  1.0 3.0 3.0 12.0 12.0
433  1.0 3.0 3.0 12.0 12.0
434  1.0 3.0 3.0 12.0 12.0
435  1.0 3.0 3.0 12.0 12.0
436  1.0 3.0 3.0 12.0 12.0
437  1.0 3.0 3.0 12.0 12.0
438  1.0 3.0 3.0 12.0 12.0
439  1.0 3.0 3.0 12.0 12.0
440  1.0 3.0 3.0 12.0 12.0
441  1.0 3.0 3.0 12.0 12.0
442  1.0 3.0 3.0 12.0 12.0
443  1.0 3.0 3.0 12.0 12.0
444  1.0 3.0 3.0 12.0 12.0
445  1.0 3.0 3.0 12.0 12.0
446  1.0 3.0 3.0 12.0 12.0
447  1.0 3.0 3.0 12.0 12.0
448  1.0 3.0 3.0 12.0 12.0
449  1.0 3.0 3.0 12.0 12.0
450  1.0 3.0 3.0 12.0 12.0
451  1.0 3.0 3.0 12.0 12.0
452  1.0 3.0 3.0 12.0 12.0
453  1.0 3.0 3.0 12.0 12.0
454  1.0 3.0 3.0 12.0 12.0
455  1.0 3.0 3.0 12.0 12.0
456  1.0 3.0 3.0 12.0 12.0
457  1.0 3.0 3.0 12.0 12.0
458  1.0 3.0 3.0 12.0 12.0
459  1.0 3.0 3.0 12.0 12.0
460  1.0 3.0 3.0 12.0 12.0
461  1.0 3.0 3.0 12.0 12.0
462  1.0 3.0 3.0 12.0 12.0
463  1.0 3.0 3.0 12.0 12.0
464  1.0 3.0 3.0 12.0 12.0
465  1.0 3.0 3.0 12.0 12.0
466  1.0 3.0 3.0 12.0 12.0
467  1.0 3.0 3.0 12.0 12.0
468  1.0 3.0 3.0 12.0 12.0
469  1.0 3.0 3.0 12.0 12.0
470  1.0 3.0 3.0 12.0 12.0
471  1.0 3.0 3.0 12.0 12.0
472  1.0 3.0 3.0 12.0 12.0
473  1.0 3.0 3.0 12.0 12.0
474  1.0 3.0 3.0 12.0 12.0
475  1.0 3.0 3.0 11.0 11.0
476  1.0 3.0 3.0 11.0 11.0
477  1.0 3.0 3.0 11.0 11.0
478  1.0 3.0 3.0 11.0 11.0
479  1.0 3.0 3.0 11.0 11.0
480  1.0 3.0 3.0 11.0 11.0
481  1.0 3.0 3.0 11.0 11.0
482  1.0 3.0 3.0 11.0 11.0
483  1.0 3.0 3.0 11.0 11.0
484  1.0 3.0 3.0 11.0 11.0
485  1.0 3.0 3.0 11.0 11.0
486  1.0 3.0 3.0 11.0 11.0
487  1.0 3.0 3.0 11.0 11.0
488  1.0 3.0 3.0 11.0 11.0
489  1.0 3.0 3.0 11.0 11.0
490  1.0 3.0 3.0 11.0 11.0
491  1.0 3.0 3.0 11.0 11.0
492  1.0 3.0 3.0 11.0 11.0
493  1.0 3.0 3.0 11.0 11.0
494  1.0 3.0 3.0 11.0 11.0
495  1.0 3.0 3.0 11.0 11.0
496  1.0 3.0 3.0 11.0 11.0
497  1.0 3.0 3.0 11.0 11.0
498  1.0 3.0 3.0 11.0 11.0
499  1.0 3.0 3.0 11.0 11.0
500  1.0 3.0 3.0 11.0 11.0
501  1.0 3.0 3.0 11.0 11.0
502  1.0 3.0 3.0 11.0 11.0
503  1.0 3.0 3.0 11.0 11.0
504  1.0 3.0 3.0 11.0 11.0
505  1.0 3.0 3.0 11.0 11.0
506  1.0 3.0 3.0 11.0 11.0
507  1.0 3.0 3.0 11.0 11.0
508  1.0 3.0 3.0 11.0 11.0
509  1.0 3.0 3.0 11.0 11.0
510  1.0 3.0 3.0 11.0 11.0
511  1.0 3.0 3.0 11.0 11.0
512  1.0 3.0 3.0 11.0 11.0
513  1.0 3.0 3.0 11.0 11.0
514  1.0 3.0 3.0 11.0 11.0
515  1.0 3.0 3.0 11.0 11.0
516  1.0 3.0 3.0 11.0 11.0
517  1.0 3.0 3.0 11.0 11.0
518  1.0 3.0 3.0 11.0 11.0
519  1.0 3.0 3.0 11.0 11.0
520  1.0 3.0 3.0 11.0 11.0
521  1.0 3.0 3.0 11.0 11.0
522  1.0 3.0 3.0 11.0 11.0
523  1.0 3.0 3.0 11.0 11.0
524  1.0 3.0 3.0 11.0 11.0
525  1.0 3.0 3.0 11.0 11.0
526  1.0 3.0 3.0 11.0 11.0
527  1.0 3.0 3.0 11.0 11.0
528  1.0 3.0 3.0 11.0 11.0
529  1.0 3.0 3.0 11.0 11.0
530  1.0 3.0 3.0 10.0 10.0
531  1.0 3.0 3.0 10.0 10.0
532  1.0 3.0 3.0 10.0 10.0
533  1.0 3.0 3.0 10.0 10.0
534  1.0 3.0 3.0 10.0 10.0
535  1.0 3.0 3.0 10.0 10.0
536  1.0 3.0 3.0 10.0 10.0
537  1.0 3.0 3.0 10.0 10.0
538  1.0 3.0 3.0 10.0 10.0
539  1.0 3.0 3.0 10.0 10.0
540  1.0 3.0 3.0 10.0 10.0
541  1.0 3.0 3.0 10.0 10.0
542  1.0 3.0 3.0 10.0 10.0
543  1.0 3.0 3.0 10.0 10.0
544  1.0 3.0 3.0 10.0 10.0
545  1.0 3.0 3.0 10.0 10.0
546  1.0 3.0 3.0 10.0 10.0
547  1.0 3.0 3.0 10.0 10.0
548  1.0 3.0 3.0 10.0 10.0
549  1.0 3.0 3.0 10.0 10.0
550  1.0 3.0 3.0 10.0 10.0
551  1.0 3.0 3.0 10.0 10.0
552  1.0 3.0 3.0 10.0 10.0
553  1.0 3.0 3.0 10.0 10.0
554  1.0 3.0 3.0 10.0 10.0
555  1.0 3.0 3.0 10.0 10.0
556  1.0 3.0 3.0 10.0 10.0
557  1.0 3.0 3.0 10.0 10.0
558  1.0 3.0 3.0 10.0 10.0
559  1.0 3.0 3.0 10.0 10.0
560  1.0 3.0 3.0 10.0 10.0
561  1.0 3.0 3.0 10.0 10.0
562  1.0 3.0 3.0 10.0 10.0
563  1.0 3.0 3.0 10.0 10.0
564  1.0 3.0 3.0 10.0 10.0
565  1.0 3.0 3.0 10.0 10.0
566  1.0 3.0 3.0 10.0 10.0
567  1.0 3.0 3.0 10.0 10.0
568  1.0 3.0 3.0 10.0 10.0
569  1.0 3.0 3.0 10.0 10.0
570  1.0 3.0 3.0 10.0 10.0
571  1.0 3.0 3.0 10.0 10.0
572  1.0 3.0 3.0 10.0 10.0
573  1.0 3.0 3.0 10.0 10.0
574  1.0 3.0 3.0 10.0 10.0
575  1.0 3.0 3.0 10.0 10.0
576  1.0 3.0 3.0 10.0 10.0
577  1.0 3.0 3.0 10.0 10.0
578  1.0 3.0 3.0 10.0 10.0
579  1.0 3.0 3.0 10.0 10.0
580  1.0 3.0 3.0 10.0 10.0
581  1.0 3.0 3.0 10.0 10.0
582  1.0 2.0 3.0 10.0 10.0
583  1.0 2.0 3.0 10.0 10.0
584  1.0 2.0 3.0 9.0 9.0
585  1.0 2.0 3.0 9.0 9.0
586  1.0 2.0 3.0 9.0 9.0
587  1.0 2.0 3.0 9.0 9.0
588  1.0 2.0 3.0 9.0 9.0
589  1.0 2.0 3.0 9.0 9.0
590  1.0 2.0 3.0 9.0 9.0
591  1.0 2.0 3.0 9.0 9.0
592  1.0 2.0 3.0 9.0 9.0
593  1.0 2.0 3.0 9.0 9.0
594  1.0 2.0 3.0 9.0 9.0
595  1.0 2.0 3.0 9.0 9.0
596  1.0 2.0 3.0 9.0 9.0
597  1.0 2.0 3.0 9.0 9.0
598  1.0 2.0 3.0 9.0 9.0
599  1.0 2.0 3.0 9.0 9.0
600  1.0 2.0 2.0 9.0 9.0
601  1.0 2.0 2.0 9.0 9.0
602  1.0 2.0 2.0 9.0 9.0
603  1.0 2.0 2.0 9.0 9.0
604  1.0 2.0 2.0 9.0 9.0
605  1.0 2.0 2.0 9.0 9.0
606  1.0 2.0 2.0 9.0 9.0
607  1.0 2.0 2.0 9.0 9.0
608  1.0 2.0 2.0 9.0 9.0
609  1.0 2.0 2.0 9.0 9.0
610  1.0 2.0 2.0 9.0 9.0
611  1.0 2.0 2.0 9.0 9.0
612  1.0 2.0 2.0 9.0 9.0
613  1.0 2.0 2.0 9.0 9.0
614  1.0 2.0 2.0 9.0 9.0
615  1.0 2.0 2.0 9.0 9.0
616  1.0 2.0 2.0 9.0 9.0
617  1.0 2.0 2.0 9.0 9.0
618  1.0 2.0 2.0 9.0 9.0
619  1.0 2.0 2.0 9.0 9.0
620  1.0 2.0 2.0 9.0 9.0
621  1.0 2.0 2.0 9.0 9.0
622  1.0 2.0 2.0 9.0 9.0
623  1.0 2.0 2.0 9.0 9.0
624  1.0 2.0 2.0 9.0 9.0
625  1.0 2.0 2.0 9.0 9.0
626  1.0 2.0 2.0 9.0 9.0
627  1.0 2.0 2.0 9.0 9.0
628  1.0 2.0 2.0 9.0 9.0
629  1.0 2.0 2.0 9.0 9.0
630  1.0 2.0 2.0 9.0 9.0
631  1.0 2.0 2.0 9.0 9.0
632  1.0 2.0 2.0 9.0 9.0
633  1.0 2.0 2.0 9.0 9.0
634  1.0 2.0 2.0 9.0 9.0
635  1.0 2.0 2.0 9.0 9.0
636  1.0 2.0 2.0 9.0 9.0
637  1.0 2.0 2.0 9.0 9.0
638  1.0 2.0 2.0 9.0 9.0
639  1.0 2.0 2.0 9.0 9.0
640  1.0 2.0 2.0 9.0 9.0
641  1.0 2.0 2.0 9.0 9.0
642  1.0 2.0 2.0 9.0 9.0
643  1.0 2.0 2.0 9.0 9.0
644  1.0 2.0 2.0 9.0 9.0
645  1.0 2.0 2.0 9.0 9.0
646  1.0 2.0 2.0 9.0 9.0
647  1.0 2.0 2.0 9.0 9.0
648  1.0 2.0 2.0 9.0 9.0
649  1.0 2.0 2.0 9.0 9.0
650  1.0 2.0 2.0 9.0 9.0
651  1.0 2.0 2.0 9.0 9.0
652  1.0 2.0 2.0 9.0 9.0
653  1.0 2.0 2.0 9.0 9.0
654  1.0 2.0 2.0 9.0 9.0
655  1.0 2.0 2.0 9.0 9.0
656  1.0 2.0 2.0 9.0 9.0
657  1.0 2.0 2.0 9.0 9.0
658  1.0 2.0 2.0 9.0 9.0
659  1.0 2.0 2.0 8.0 8.0
660  1.0 2.0 2.0 8.0 8.0
661  1.0 2.0 2.0 8.0 8.0
662  1.0 2.0 2.0 8.0 8.0
663  1.0 2.0 2.0 8.0 8.0
664  1.0 2.0 2.0 8.0 8.0
665  1.0 2.0 2.0 8.0 8.0
666  1.0 2.0 2.0 8.0 8.0
667  1.0 2.0 2.0 8.0 8.0
668  1.0 2.0 2.0 8.0 8.0
669  1.0 2.0 2.0 8.0 8.0
670  1.0 2.0 2.0 8.0 8.0
671  1.0 2.0 2.0 8.0 8.0
672  1.0 2.0 2.0 8.0 8.0
673  1.0 2.0 2.0 8.0 8.0
674  1.0 2.0 2.0 8.0 8.0
675  1.0 2.0 2.0 8.0 8.0
676  1.0 2.0 2.0 8.0 8.0
677  1.0 2.0 2.0 8.0 8.0
678  1.0 2.0 2.0 8.0 8.0
679  1.0 2.0 2.0 8.0 8.0
680  1.0 2.0 2.0 8.0 8.0
681  1.0 2.0 2.0 8.0 8.0
682  1.0 2.0 2.0 8.0 8.0
683  1.0 2.0 2.0 8.0 8.0
684  1.0 2.0 2.0 8.0 8.0
685  1.0 2.0 2.0 8.0 8.0
686  1.0 2.0 2.0 8.0 8.0
687  1.0 2.0 2.0 8.0 8.0
688  1.0 2.0 2.0 8.0 8.0
689  1.0 2.0 2.0 8.0 8.0
690  1.0 2.0 2.0 8.0 8.0
691  1.0 2.0 2.0 8.0 8.0
692  1.0 2.0 2.0 8.0 8.0
693  1.0 2.0 2.0 8.0 8.0
694  1.0 2.0 2.0 8.0 8.0
695  1.0 2.0 2.0 8.0 8.0
696  1.0 2.0 2.0 8.0 8.0
697  1.0 2.0 2.0 8.0 8.0
698  1.0 2.0 2.0 8.0 8.0
699  1.0 2.0 2.0 8.0 8.0
700  1.0 2.0 2.0 8.0 8.0
701  1.0 2.0 2.0 8.0 8.0
702  1.0 2.0 2.0 8.0 8.0
703  1.0 2.0 2.0 8.0 8.0
704  1.0 2.0 2.0 8.0 8.0
705  1.0 2.0 2.0 8.0 8.0
706  1.0 2.0 2.0 8.0 8.0
707  1.0 2.0 2.0 8.0 8.0
708  1.0 2.0 2.0 8.0 8.0
709  1.0 2.0 2.0 8.0 8.0
710  1.0 2.0 2.0 8.0 8.0
711  1.0 2.0 2.0 8.0 8.0
712  1.0 2.0 2.0 8.0 8.0
713  1.0 2.0 2.0 8.0 8.0
714  1.0 2.0 2.0 8.0 8.0
715  1.0 2.0 2.0 8.0 8.0
716  1.0 2.0 2.0 8.0 8.0
717  1.0 2.0 2.0 8.0 8.0
718  1.0 2.0 2.0 8.0 8.0
719  1.0 2.0 2.0 8.0 8.0
720  1.0 2.0 2.0 8.0 8.0
721  1.0 2.0 2.0 8.0 8.0
722  1.0 2.0 2.0 8.0 8.0
723  1.0 2.0 2.0 8.0 8.0
724  1.0 2.0 2.0 8.0 8.0
725  1.0 2.0 2.0 8.0 8.0
726  1.0 2.0 2.0 8.0 8.0
727  1.0 2.0 2.0 8.0 8.0
728  1.0 2.0 2.0 8.0 8.0
729  1.0 2.0 2.0 8.0 8.0
730  1.0 2.0 2.0 8.0 8.0
731  1.0 2.0 2.0 8.0 8.0
732  1.0 2.0 2.0 8.0 8.0
733  1.0 2.0 2.0 8.0 8.0
734  1.0 2.0 2.0 8.0 8.0
735  1.0 2.0 2.0 8.0 8.0
736  1.0 2.0 2.0 8.0 8.0
737  1.0 2.0 2.0 8.0 8.0
738  1.0 2.0 2.0 8.0 8.0
739  1.0 2.0 2.0 8.0 8.0
740  1.0 2.0 2.0 8.0 8.0
741  1.0 2.0 2.0 8.0 8.0
742  1.0 2.0 2.0 8.0 8.0
743  1.0 2.0 2.0 8.0 8.0
744  1.0 2.0 2.0 8.0 8.0
745  1.0 2.0 2.0 8.0 8.0
746  1.0 2.0 2.0 8.0 8.0
747  1.0 2.0 2.0 8.0 8.0
748  1.0 2.0 2.0 8.0 8.0
749  1.0 2.0 2.0 8.0 8.0
750  1.0 2.0 2.0 7.0 7.0
751  1.0 2.0 2.0 7.0 7.0
752  1.0 2.0 2.0 7.0 7.0
753  1.0 2.0 2.0 7.0 7.0
754  1.0 2.0 2.0 7.0 7.0
755  1.0 2.0 2.0 7.0 7.0
756  1.0 2.0 2.0 7.0 7.0
757  1.0 2.0 2.0 7.0 7.0
758  1.0 2.0 2.0 7.0 7.0
759  1.0 2.0 2.0 7.0 7.0
760  1.0 2.0 2.0 7.0 7.0
761  1.0 2.0 2.0 7.0 7.0
762  1.0 2.0 2.0 7.0 7.0
763  1.0 2.0 2.0 7.0 7.0
764  1.0 2.0 2.0 7.0 7.0
765  1.0 2.0 2.0 7.0 7.0
766  1.0 2.0 2.0 7.0 7.0
767  1.0 2.0 2.0 7.0 7.0
768  1.0 2.0 2.0 7.0 7.0
769  1.0 2.0 2.0 7.0 7.0
770  1.0 2.0 2.0 7.0 7.0
771  1.0 2.0 2.0 7.0 7.0
772  1.0 2.0 2.0 7.0 7.0
773  1.0 2.0 2.0 7.0 7.0
