duuude deme size before=0
duuude deme size after=1 the num new=1
duuude deme size before=1
duuude deme size after=161 the num new=160
center was at i=0
duuude deme size before=161
duuude deme size after=323 the num new=162
center was at i=1
2	4	-5225.33	-4135.67
3	5	-5225.33	-4135.67
4	6	-5225.33	-4135.67
5	7	-5225.33	-4135.67
6	8	-5225.33	-4135.67
7	9	-5225.33	-4135.67
8	10	-5225.33	-4135.67
9	11	-5225.33	-4135.67
10	12	-5225.33	-4135.67
11	13	-5225.33	-4135.67
12	14	-5225.33	-4135.67
13	15	-5225.33	-4135.67
14	16	-5225.33	-4135.67
15	17	-5225.33	-4135.67
16	18	-5225.33	-4135.67
17	19	-5225.33	-4135.67
18	20	-5225.33	-4135.67
19	21	-5225.33	-4135.67
20	22	-5225.33	-4135.67
21	23	-5225.33	-4135.67
22	24	-5225.33	-4135.67
23	25	-5225.33	-4135.67
24	26	-5225.33	-4135.67
25	27	-5225.33	-4135.67
26	28	-5225.33	-4135.67
27	29	-5225.33	-4135.67
28	30	-5225.33	-4135.67
29	31	-5225.33	-4135.67
30	32	-5225.33	-4135.67
31	33	-5225.33	-4135.67
32	34	-5225.33	-4135.67
33	35	-5225.33	-4135.67
34	36	-5225.33	-4135.67
35	37	-5225.33	-4135.67
36	38	-5225.33	-4135.67
37	39	-5225.33	-4135.67
38	40	-5225.33	-4135.67
39	41	-5225.33	-4135.67
40	42	-5225.33	-4135.67
41	43	-5225.33	-4135.67
42	44	-5225.33	-4135.67
43	45	-5225.33	-4135.67
44	46	-5225.33	-4135.67
45	47	-5225.33	-4135.67
46	48	-5225.33	-4135.67
47	49	-5225.33	-4135.67
48	50	-5225.33	-4135.67
49	51	-5225.33	-4135.67
50	52	-5225.33	-4135.67
51	53	-5225.33	-4135.67
52	54	-5225.33	-4135.67
53	55	-5225.33	-4135.67
54	56	-5225.33	-4135.67
55	57	-5225.33	-4135.67
56	58	-5225.33	-4135.67
57	59	-5225.33	-4135.67
58	60	-5225.33	-4135.67
59	61	-5225.33	-4135.67
60	62	-5225.33	-4135.67
61	63	-5225.33	-4135.67
62	64	-5225.33	-4135.67
63	65	-5225.33	-4135.67
64	66	-5225.33	-4135.67
65	67	-5225.33	-4135.67
66	68	-5225.33	-4135.67
67	69	-5225.33	-4135.67
68	70	-5225.33	-4135.67
69	71	-5225.33	-4135.67
70	72	-5225.33	-4135.67
71	73	-5225.33	-4135.67
72	74	-5225.33	-4135.67
73	75	-5225.33	-4135.67
74	76	-5225.33	-4135.67
75	77	-5225.33	-4135.67
76	78	-5225.33	-4135.67
77	79	-5225.33	-4135.67
78	80	-5265.22	-4171.11
79	81	-5190.33	-4105.56
80	82	-5282.33	-4185.11
81	83	-5176.33	-4094.67
82	84	-5314.22	-4215.44
83	85	-5146	-4065.89
84	86	-5299.44	-4202.22
85	87	-5159.22	-4077.56
86	88	-5289.33	-4193.67
87	89	-5167.78	-4084.56
88	90	-5341.44	-4238
89	91	-5123.44	-4048
90	92	-5297.89	-4200.67
91	93	-5160.78	-4079.11
92	94	-5271.44	-4177.33
93	95	-5184.11	-4099.33
94	96	-5639.33	-4509.44
95	97	-4852	-3803
96	98	-5263.67	-4169.56
97	99	-5191.89	-4107.11
98	100	-5266.78	-4172.67
99	101	-5188.78	-4104
100	102	-5289.33	-4193.67
101	103	-5167.78	-4084.56
102	104	-5280	-4184.33
103	105	-5177.11	-4093.89
104	106	-5282.33	-4185.11
105	107	-5176.33	-4094.67
106	108	-5284.67	-4189
107	109	-5172.44	-4089.22
108	110	-5266.78	-4169.56
109	111	-5191.89	-4110.22
110	112	-5269.89	-4175.78
111	113	-5185.67	-4100.89
112	114	-5340.67	-4238.78
113	115	-5122.67	-4045.67
114	116	-5290.89	-4195.22
115	117	-5166.22	-4083
116	118	-5262.89	-4167.22
117	119	-5194.22	-4111
118	120	-5273.78	-4178.11
119	121	-5183.33	-4100.11
120	122	-5265.22	-4171.11
121	123	-5190.33	-4105.56
122	124	-5287.78	-4192.11
123	125	-5169.33	-4086.11
124	126	-5265.22	-4171.11
125	127	-5190.33	-4105.56
126	128	-5280	-4184.33
127	129	-5177.11	-4093.89
128	130	-5273.78	-4178.11
129	131	-5183.33	-4100.11
130	132	-5409.11	-4294.78
131	133	-5066.67	-4002.11
132	134	-5341.44	-4234.89
133	135	-5126.56	-4054.22
134	136	-5346.11	-4239.56
135	137	-5121.89	-4049.56
136	138	-5434	-4322.78
137	139	-5038.67	-3971
138	140	-5286.22	-4190.56
139	141	-5170.89	-4087.67
140	142	-5254.33	-4160.22
141	143	-5201.22	-4116.44
142	144	-5276.11	-4182
143	145	-5179.44	-4094.67
144	146	-5269.89	-4175.78
145	147	-5185.67	-4100.89
146	148	-5269.89	-4175.78
147	149	-5185.67	-4100.89
148	150	-5249.67	-4155.56
149	151	-5205.89	-4121.11
150	152	-5295.56	-4196.78
151	153	-5164.67	-4084.56
152	154	-5262.11	-4168
153	155	-5193.44	-4108.67
154	156	-6456.56	-5225.33
155	157	-4135.67	-3187.56
156	158	-inf	-inf
157	159	-5225.33	-4135.67
158	160	-5225.33	-4135.67
159	161	-5225.33	-4135.67
duuude deme size before=323
duuude deme size after=486 the num new=163
center was at i=1
2	4	-6456.56	-5823.25
4	5	-4135.67	-2381
5	6	-4135.67	-2381
6	7	-4135.67	-2381
7	8	-4135.67	-2381
8	9	-4135.67	-2381
9	10	-4135.67	-2381
10	11	-4135.67	-2381
11	12	-4135.67	-2381
12	13	-4135.67	-2381
13	14	-4135.67	-2381
14	15	-4135.67	-2381
15	16	-4135.67	-2381
16	17	-4135.67	-2381
17	18	-4135.67	-2381
18	19	-4135.67	-2381
19	20	-4135.67	-2381
20	21	-4135.67	-2381
21	22	-4135.67	-2381
22	23	-4135.67	-2381
23	24	-4135.67	-2381
24	25	-4135.67	-2381
25	26	-4135.67	-2381
26	27	-4135.67	-2381
27	28	-4135.67	-2381
28	29	-4135.67	-2381
29	30	-4135.67	-2381
30	31	-4135.67	-2381
31	32	-4135.67	-2381
32	33	-4135.67	-2381
33	34	-4135.67	-2381
34	35	-4135.67	-2381
35	36	-4135.67	-2381
36	37	-4135.67	-2381
37	38	-4135.67	-2381
38	39	-4135.67	-2381
39	40	-4135.67	-2381
40	41	-4135.67	-2381
41	42	-4135.67	-2381
42	43	-4135.67	-2381
43	44	-4135.67	-2381
44	45	-4135.67	-2381
45	46	-4135.67	-2381
46	47	-4135.67	-2381
47	48	-4135.67	-2381
48	49	-4135.67	-2381
49	50	-4135.67	-2381
50	51	-4135.67	-2381
51	52	-4135.67	-2381
52	53	-4135.67	-2381
53	54	-4135.67	-2381
54	55	-4135.67	-2381
55	56	-4135.67	-2381
56	57	-4135.67	-2381
57	58	-4135.67	-2381
58	59	-4135.67	-2381
59	60	-4135.67	-2381
60	61	-4135.67	-2381
61	62	-4135.67	-2381
62	63	-4135.67	-2381
63	64	-4135.67	-2381
64	65	-4135.67	-2381
65	66	-4135.67	-2381
66	67	-4135.67	-2381
67	68	-4135.67	-2381
68	69	-4135.67	-2381
69	70	-4135.67	-2381
70	71	-4135.67	-2381
71	72	-4135.67	-2381
72	73	-4135.67	-2381
73	74	-4135.67	-2381
74	75	-4135.67	-2381
75	76	-4135.67	-2381
76	77	-4135.67	-2381
77	78	-4135.67	-2381
78	79	-4135.67	-2381
79	80	-4135.67	-2381
80	81	-4171.11	-2407.11
81	82	-4105.56	-2360.22
82	83	-4185.11	-2414.89
83	84	-4094.67	-2355.56
84	85	-4215.44	-2442.11
85	86	-4065.89	-2329.89
86	87	-4202.22	-2432
87	88	-4077.56	-2338.44
88	89	-4193.67	-2426.56
89	90	-4084.56	-2342.33
90	91	-4238	-2455.33
91	92	-4048	-2321.33
92	93	-4200.67	-2430.44
93	94	-4079.11	-2340
94	95	-4177.33	-2413.33
95	96	-4099.33	-2354
96	97	-4509.44	-2673.89
97	98	-3803	-2129.22
98	99	-4169.56	-2405.56
99	100	-4107.11	-2361.78
100	101	-4172.67	-2408.67
101	102	-4104	-2358.67
102	103	-4193.67	-2426.56
103	104	-4084.56	-2342.33
104	105	-4184.33	-2417.22
105	106	-4093.89	-2351.67
106	107	-4185.11	-2414.89
107	108	-4094.67	-2355.56
108	109	-4189	-2421.89
109	110	-4089.22	-2347
110	111	-4169.56	-2399.33
111	112	-4110.22	-2371.11
112	113	-4175.78	-2411.78
113	114	-4100.89	-2355.56
114	115	-4238.78	-2459.22
115	116	-4045.67	-2315.89
116	117	-4195.22	-2428.11
117	118	-4083	-2340.78
118	119	-4167.22	-2400.11
119	120	-4111	-2368.78
120	121	-4178.11	-2411
121	122	-4100.11	-2357.89
122	123	-4171.11	-2407.11
123	124	-4105.56	-2360.22
124	125	-4192.11	-2425
125	126	-4086.11	-2343.89
126	127	-4171.11	-2407.11
127	128	-4105.56	-2360.22
128	129	-4184.33	-2417.22
129	130	-4093.89	-2351.67
130	131	-4178.11	-2411
131	132	-4100.11	-2357.89
132	133	-4294.78	-2490.33
133	134	-4002.11	-2297.22
134	135	-4234.89	-2446
135	136	-4054.22	-2333.78
136	137	-4239.56	-2450.67
137	138	-4049.56	-2329.11
138	139	-4322.78	-2524.56
139	140	-3971	-2259.89
140	141	-4190.56	-2423.44
141	142	-4087.67	-2345.44
142	143	-4160.22	-2396.22
143	144	-4116.44	-2371.11
144	145	-4182	-2418
145	146	-4094.67	-2349.33
146	147	-4175.78	-2411.78
147	148	-4100.89	-2355.56
148	149	-4175.78	-2411.78
149	150	-4100.89	-2355.56
150	151	-4155.56	-2391.56
151	152	-4121.11	-2375.78
152	153	-4196.78	-2423.44
153	154	-4084.56	-2348.56
154	155	-4168	-2404
155	156	-4108.67	-2363.33
156	157	-5225.33	-3187.56
157	158	-3187.56	-1716
158	159	-inf	-inf
159	160	-4135.67	-2381
160	161	-4135.67	-2381
161	162	-4135.67	-2381
duuude deme size before=486
duuude deme size after=650 the num new=164
center was at i=1
2	4	-4662.81	-4394.81
4	5	-5823.25	-5519.87
5	6	-2381	-570.333
6	7	-2381	-570.333
7	8	-2381	-570.333
8	9	-2381	-570.333
9	10	-2381	-570.333
10	11	-2381	-570.333
11	12	-2381	-570.333
12	13	-2381	-570.333
13	14	-2381	-570.333
14	15	-2381	-570.333
15	16	-2381	-570.333
16	17	-2381	-570.333
17	18	-2381	-570.333
18	19	-2381	-570.333
19	20	-2381	-570.333
20	21	-2381	-570.333
21	22	-2381	-570.333
22	23	-2381	-570.333
23	24	-2381	-570.333
24	25	-2381	-570.333
25	26	-2381	-570.333
26	27	-2381	-570.333
27	28	-2381	-570.333
28	29	-2381	-570.333
29	30	-2381	-570.333
30	31	-2381	-570.333
31	32	-2381	-570.333
32	33	-2381	-570.333
33	34	-2381	-570.333
34	35	-2381	-570.333
35	36	-2381	-570.333
36	37	-2381	-570.333
37	38	-2381	-570.333
38	39	-2381	-570.333
39	40	-2381	-570.333
40	41	-2381	-570.333
41	42	-2381	-570.333
42	43	-2381	-570.333
43	44	-2381	-570.333
44	45	-2381	-570.333
45	46	-2381	-570.333
46	47	-2381	-570.333
47	48	-2381	-570.333
48	49	-2381	-570.333
49	50	-2381	-570.333
50	51	-2381	-570.333
51	52	-2381	-570.333
52	53	-2381	-570.333
53	54	-2381	-570.333
54	55	-2381	-570.333
55	56	-2381	-570.333
56	57	-2381	-570.333
57	58	-2381	-570.333
58	59	-2381	-570.333
59	60	-2381	-570.333
60	61	-2381	-570.333
61	62	-2381	-570.333
62	63	-2381	-570.333
63	64	-2381	-570.333
64	65	-2381	-570.333
65	66	-2381	-570.333
66	67	-2381	-570.333
67	68	-2381	-570.333
68	69	-2381	-570.333
69	70	-2381	-570.333
70	71	-2381	-570.333
71	72	-2381	-570.333
72	73	-2381	-570.333
73	74	-2381	-570.333
74	75	-2381	-570.333
75	76	-2381	-570.333
76	77	-2381	-570.333
77	78	-2381	-570.333
78	79	-2381	-570.333
79	80	-2381	-570.333
80	81	-2381	-570.333
81	82	-2407.11	-577.778
82	83	-2360.22	-568.222
83	84	-2414.89	-573.111
84	85	-2355.56	-576
85	86	-2442.11	-594.111
86	87	-2329.89	-556.556
87	88	-2432	-590.222
88	89	-2338.44	-558.889
89	90	-2426.56	-591
90	91	-2342.33	-556.556
91	92	-2455.33	-588.667
92	93	-2321.33	-566.667
93	94	-2430.44	-588.667
94	95	-2340	-560.444
95	96	-2413.33	-584
96	97	-2354	-562
97	98	-2673.89	-701.444
98	99	-2129.22	-480.333
99	100	-2405.56	-576.222
100	101	-2361.78	-569.778
101	102	-2408.67	-579.333
102	103	-2358.67	-566.667
103	104	-2426.56	-591
104	105	-2342.33	-556.556
105	106	-2417.22	-581.667
106	107	-2351.67	-565.889
107	108	-2414.89	-573.111
108	109	-2355.56	-576
109	110	-2421.89	-586.333
110	111	-2347	-561.222
111	112	-2399.33	-557.556
112	113	-2371.11	-591.556
113	114	-2411.78	-582.444
114	115	-2355.56	-563.556
115	116	-2459.22	-598.778
116	117	-2315.89	-555
117	118	-2428.11	-592.556
118	119	-2340.78	-555
119	120	-2400.11	-564.556
120	121	-2368.78	-583
121	122	-2411	-575.444
122	123	-2357.89	-572.111
123	124	-2407.11	-577.778
124	125	-2360.22	-568.222
125	126	-2425	-589.444
126	127	-2343.89	-558.111
127	128	-2407.11	-577.778
128	129	-2360.22	-568.222
129	130	-2417.22	-581.667
130	131	-2351.67	-565.889
131	132	-2411	-575.444
132	133	-2357.89	-572.111
133	134	-2490.33	-580.111
134	135	-2297.22	-586.111
135	136	-2446	-566.889
136	137	-2333.78	-591.556
137	138	-2450.67	-571.556
138	139	-2329.11	-586.889
139	140	-2524.56	-626.778
140	141	-2259.89	-536.333
141	142	-2423.44	-587.889
142	143	-2345.44	-559.667
143	144	-2396.22	-566.889
144	145	-2371.11	-579.111
145	146	-2418	-588.667
146	147	-2349.33	-557.333
147	148	-2411.78	-582.444
148	149	-2355.56	-563.556
149	150	-2411.78	-582.444
150	151	-2355.56	-563.556
151	152	-2391.56	-562.222
152	153	-2375.78	-583.778
153	154	-2423.44	-575.444
154	155	-2348.56	-575.222
155	156	-2404	-574.667
156	157	-2363.33	-571.333
157	158	-3187.56	-810.667
158	159	-1716	-471.556
159	160	-inf	-inf
160	161	-2381	-570.333
161	162	-2381	-570.333
162	163	-2381	-570.333
duuude deme size before=650
duuude deme size after=816 the num new=166
0	0	-1192.56	-810.667
1	1	-3743.67	-4777.33
2	2	-3187.56	-2381
3	3	-2381	-1716
4	4	-4394.81	-3411.31
5	5	-5519.87	-4394.81
6	6	-570.333	-inf
7	7	-570.333	-473.028
8	8	-570.333	-inf
9	9	-570.333	-468.75
10	10	-570.333	-inf
11	11	-570.333	-478.278
12	12	-570.333	-inf
13	13	-570.333	-477.306
14	14	-570.333	-inf
15	15	-570.333	-478.667
16	16	-570.333	-inf
17	17	-570.333	-472.639
18	18	-570.333	-inf
19	19	-570.333	-476.528
20	20	-570.333	-inf
21	21	-570.333	-476.139
22	22	-570.333	-inf
23	23	-570.333	-512.5
24	24	-570.333	-inf
25	25	-570.333	-472.25
26	26	-570.333	-inf
27	27	-570.333	-473.806
28	28	-570.333	-inf
29	29	-570.333	-478.667
30	30	-570.333	-inf
31	31	-570.333	-474
32	32	-570.333	-inf
33	33	-570.333	-468.75
34	34	-570.333	-inf
35	35	-570.333	-476.333
36	36	-570.333	-inf
37	37	-570.333	-460.972
38	38	-570.333	-inf
39	39	-570.333	-475.361
40	40	-570.333	-inf
41	41	-570.333	-478.667
42	42	-570.333	-inf
43	43	-570.333	-479.444
44	44	-570.333	-inf
45	45	-570.333	-465.444
46	46	-570.333	-inf
47	47	-570.333	-470.889
48	48	-570.333	-inf
49	49	-570.333	-473.028
50	50	-570.333	-inf
51	51	-570.333	-477.889
52	52	-570.333	-inf
53	53	-570.333	-473.028
54	54	-570.333	-inf
55	55	-570.333	-474
56	56	-570.333	-inf
57	57	-570.333	-470.889
58	58	-570.333	-inf
59	59	-570.333	-461.556
60	60	-570.333	-inf
61	61	-570.333	-459.806
62	62	-570.333	-inf
63	63	-570.333	-462.139
64	64	-570.333	-inf
65	65	-570.333	-486.833
66	66	-570.333	-inf
67	67	-570.333	-477.111
68	68	-570.333	-inf
69	69	-570.333	-467.583
70	70	-570.333	-inf
71	71	-570.333	-478.472
72	72	-570.333	-inf
73	73	-570.333	-475.361
74	74	-570.333	-inf
75	75	-570.333	-475.361
76	76	-570.333	-inf
77	77	-570.333	-465.25
78	78	-570.333	-inf
79	79	-570.333	-468.944
80	80	-570.333	-inf
81	81	-570.333	-471.472
82	82	-577.778	-474.333
83	83	-568.222	-474.111
84	84	-573.111	-466.556
85	85	-576	-485
86	86	-594.111	-486
87	87	-556.556	-467.111
88	88	-590.222	-483.667
89	89	-558.889	-467.889
90	90	-591	-486
91	91	-556.556	-464
92	92	-588.667	-475.889
93	93	-566.667	-481.889
94	94	-588.667	-482.111
95	95	-560.444	-469.444
96	96	-584	-480.556
97	97	-562	-467.889
98	98	-701.444	-562.222
99	99	-480.333	-422
100	100	-576.222	-472.778
101	101	-569.778	-475.667
102	102	-579.333	-475.889
103	103	-566.667	-472.556
104	104	-591	-486
105	105	-556.556	-464
106	106	-581.667	-476.667
107	107	-565.889	-473.333
108	108	-573.111	-466.556
109	109	-576	-485
110	110	-586.333	-481.333
111	111	-561.222	-468.667
112	112	-557.556	-451
113	113	-591.556	-500.556
114	114	-582.444	-479
115	115	-563.556	-469.444
116	116	-598.778	-487.556
117	117	-555	-468.667
118	118	-592.556	-487.556
119	119	-555	-462.444
120	120	-564.556	-459.556
121	121	-583	-490.444
122	122	-575.444	-470.444
123	123	-572.111	-479.556
124	124	-577.778	-474.333
125	125	-568.222	-474.111
126	126	-589.444	-484.444
127	127	-558.111	-465.556
128	128	-577.778	-474.333
129	129	-568.222	-474.111
130	130	-581.667	-476.667
131	131	-565.889	-473.333
132	132	-575.444	-470.444
133	133	-572.111	-479.556
134	134	-580.111	-456.444
135	135	-586.111	-512.222
136	136	-566.889	-451
137	137	-591.556	-509.889
138	138	-571.556	-455.667
139	139	-586.889	-505.222
140	140	-626.778	-506.222
141	141	-536.333	-459.333
142	142	-587.889	-482.889
143	143	-559.667	-467.111
144	144	-566.889	-463.444
145	145	-579.111	-485
146	146	-588.667	-485.222
147	147	-557.333	-463.222
148	148	-582.444	-479
149	149	-563.556	-469.444
150	150	-582.444	-479
151	151	-563.556	-469.444
152	152	-562.222	-458.778
153	153	-583.778	-489.667
154	154	-575.444	-467.333
155	155	-575.222	-485.778
156	156	-574.667	-471.222
157	157	-571.333	-477.222
center was at i=159
160	162	-inf	-inf
161	163	-570.333	-503.25
162	164	-570.333	-570.333
163	165	-570.333	-514.333
duuude deme size before=816
duuude deme size after=984 the num new=168
0	0	-810.667	-680.222
1	1	-4777.33	-5051.33
2	2	-2381	-2129.22
3	3	-1716	-1504.67
4	4	-3411.31	-3108.98
5	5	-4394.81	-4052.03
6	6	-inf	-inf
7	7	-473.028	-423.278
8	8	-inf	-inf
9	9	-468.75	-418.806
10	10	-inf	-inf
11	11	-478.278	-428.722
12	12	-inf	-inf
13	13	-477.306	-427.556
14	14	-inf	-inf
15	15	-478.667	-429.111
16	16	-inf	-inf
17	17	-472.639	-420.75
18	18	-inf	-inf
19	19	-476.528	-426.972
20	20	-inf	-inf
21	21	-476.139	-426.583
22	22	-inf	-inf
23	23	-512.5	-471.556
24	24	-inf	-inf
25	25	-472.25	-421.528
26	26	-inf	-inf
27	27	-473.806	-424.25
28	28	-inf	-inf
29	29	-478.667	-430.472
30	30	-inf	-inf
31	31	-474	-424.056
32	32	-inf	-inf
33	33	-468.75	-419
34	34	-inf	-inf
35	35	-476.333	-426.778
36	36	-inf	-inf
37	37	-460.972	-411.417
38	38	-inf	-inf
39	39	-475.361	-427.75
40	40	-inf	-inf
41	41	-478.667	-431.639
42	42	-inf	-inf
43	43	-479.444	-429.889
44	44	-inf	-inf
45	45	-465.444	-415.889
46	46	-inf	-inf
47	47	-470.889	-421.333
48	48	-inf	-inf
49	49	-473.028	-423.472
50	50	-inf	-inf
51	51	-477.889	-429.5
52	52	-inf	-inf
53	53	-473.028	-423.472
54	54	-inf	-inf
55	55	-474	-422.5
56	56	-inf	-inf
57	57	-470.889	-421.333
58	58	-inf	-inf
59	59	-461.556	-407.333
60	60	-inf	-inf
61	61	-459.806	-410.25
62	62	-inf	-inf
63	63	-462.139	-412.389
64	64	-inf	-inf
65	65	-486.833	-440.389
66	66	-inf	-inf
67	67	-477.111	-427.556
68	68	-inf	-inf
69	69	-467.583	-418.028
70	70	-inf	-inf
71	71	-478.472	-428.917
72	72	-inf	-inf
73	73	-475.361	-427.167
74	74	-inf	-inf
75	75	-475.361	-425.806
76	76	-inf	-inf
77	77	-465.25	-415.694
78	78	-inf	-inf
79	79	-468.944	-419.194
80	80	-inf	-inf
81	81	-471.472	-421.917
82	82	-474.333	-423.222
83	83	-474.111	-426.111
84	84	-466.556	-413.889
85	85	-485	-438.556
86	86	-486	-430.222
87	87	-467.111	-423.778
88	88	-483.667	-432.556
89	89	-467.889	-419.889
90	90	-486	-436.444
91	91	-464	-414.444
92	92	-475.889	-420.111
93	93	-481.889	-438.556
94	94	-482.111	-432.556
95	95	-469.444	-419.889
96	96	-480.556	-431
97	97	-467.889	-418.333
center was at i=99
100	102	-472.778	-420.111
101	103	-475.667	-429.222
102	104	-475.889	-426.333
103	105	-472.556	-423
104	106	-486	-434.889
105	107	-464	-416
106	108	-476.667	-424
107	109	-473.333	-426.889
108	110	-466.556	-415.444
109	111	-485	-437
110	112	-481.333	-431.778
111	113	-468.667	-419.111
112	114	-451	-401.444
113	115	-500.556	-451
114	116	-479	-426.333
115	117	-469.444	-423
116	118	-487.556	-427.111
117	119	-468.667	-430
118	120	-487.556	-438
119	121	-462.444	-412.889
120	122	-459.556	-410
121	123	-490.444	-440.889
122	124	-470.444	-420.889
123	125	-479.556	-430
124	126	-474.333	-424.778
125	127	-474.111	-424.556
126	128	-484.444	-431.778
127	129	-465.556	-419.111
128	130	-474.333	-424.778
129	131	-474.111	-424.556
130	132	-476.667	-424
131	133	-473.333	-426.889
132	134	-470.444	-420.889
133	135	-479.556	-430
134	136	-456.444	-400.667
135	137	-512.222	-468.889
136	138	-451	-401.444
137	139	-509.889	-460.333
138	140	-455.667	-404.556
139	141	-505.222	-457.222
140	142	-506.222	-444.222
141	143	-459.333	-422.222
142	144	-482.889	-433.333
143	145	-467.111	-417.556
144	146	-463.444	-413.889
145	147	-485	-435.444
146	148	-485.222	-435.667
147	149	-463.222	-413.667
148	150	-479	-427.889
149	151	-469.444	-421.444
150	152	-479	-429.444
151	153	-469.444	-419.889
152	154	-458.778	-409.222
153	155	-489.667	-440.111
154	156	-467.333	-416.222
155	157	-485.778	-437.778
156	158	-471.222	-421.667
157	159	-477.222	-427.667
158	160	-503.25	-433.472
159	161	-698.667	-730
160	162	-810.667	-680.222
161	163	-570.333	-480.333
162	164	-inf	-inf
163	165	-503.25	-463.861
164	166	-570.333	-570.333
165	167	-514.333	-536.778
duuude deme size before=984
duuude deme size after=1154 the num new=170
0	0	-680.222	-708.667
1	1	-5051.33	-4830.89
2	2	-2129.22	-2232.33
3	3	-1504.67	-1582.89
4	4	-3108.98	-3243.2
5	5	-4052.03	-4211.15
6	6	-inf	-inf
7	7	-423.278	-401.944
8	8	-inf	-inf
9	9	-418.806	-399.222
10	10	-inf	-inf
11	11	-428.722	-407.972
12	12	-inf	-inf
13	13	-427.556	-406.222
14	14	-inf	-inf
15	15	-429.111	-405.25
16	16	-inf	-inf
17	17	-420.75	-402.139
18	18	-inf	-inf
19	19	-426.972	-403.889
20	20	-inf	-inf
21	21	-426.583	-405.25
22	22	-inf	-inf
23	23	-471.556	-456
24	24	-inf	-inf
25	25	-421.528	-403.306
26	26	-inf	-inf
27	27	-424.25	-402.917
28	28	-inf	-inf
29	29	-430.472	-405.25
30	30	-inf	-inf
31	31	-424.056	-402.722
32	32	-inf	-inf
33	33	-419	-397.667
34	34	-inf	-inf
35	35	-426.778	-405.444
36	36	-inf	-inf
37	37	-411.417	-395.917
38	38	-inf	-inf
39	39	-427.75	-406.417
40	40	-inf	-inf
41	41	-431.639	-412.25
42	42	-inf	-inf
43	43	-429.889	-408.556
44	44	-inf	-inf
45	45	-415.889	-401.944
46	46	-inf	-inf
47	47	-421.333	-400
48	48	-inf	-inf
49	49	-423.472	-402.139
50	50	-inf	-inf
51	51	-429.5	-406.806
52	52	-inf	-inf
53	53	-423.472	-402.139
54	54	-inf	-inf
55	55	-422.5	-401.361
56	56	-inf	-inf
57	57	-421.333	-403.694
58	58	-inf	-inf
59	59	-407.333	-401.556
60	60	-inf	-inf
61	61	-410.25	-390.861
62	62	-inf	-inf
63	63	-412.389	-392.222
64	64	-inf	-inf
65	65	-440.389	-418.083
66	66	-inf	-inf
67	67	-427.556	-406.028
68	68	-inf	-inf
69	69	-418.028	-400.389
70	70	-inf	-inf
71	71	-428.917	-407.583
72	72	-inf	-inf
73	73	-427.167	-404.472
74	74	-inf	-inf
75	75	-425.806	-404.472
76	76	-inf	-inf
77	77	-415.694	-401.75
78	78	-inf	-inf
79	79	-419.194	-403.5
80	80	-inf	-inf
81	81	-421.917	-404.278
82	82	-423.222	-401.667
83	83	-426.111	-404.778
84	84	-413.889	-397
85	85	-438.556	-412.556
86	86	-430.222	-413.333
87	87	-423.778	-397.778
88	88	-432.556	-411
89	89	-419.889	-398.556
90	90	-436.444	-416.444
91	91	-414.444	-391.556
92	92	-420.111	-401.667
93	93	-438.556	-414.111
94	94	-432.556	-412.556
95	95	-419.889	-397
96	96	-431	-409.444
97	97	-418.333	-397
98	98	-442.056	-423.833
99	99	-444	-410.222
100	100	-562.222	-553.111
101	101	-471.556	-456.444
102	102	-420.111	-401.667
103	103	-429.222	-404.778
104	104	-426.333	-404.778
105	105	-423	-401.667
106	106	-434.889	-416.444
107	107	-416	-391.556
108	108	-424	-405.556
109	109	-426.889	-402.444
110	110	-415.444	-393.889
111	111	-437	-415.667
112	112	-431.778	-410.222
113	113	-419.111	-397.778
114	114	-401.444	-383
115	115	-451	-426.556
116	116	-426.333	-404.778
117	117	-423	-401.667
118	118	-427.111	-408.667
119	119	-430	-405.556
120	120	-438	-416.444
121	121	-412.889	-391.556
122	122	-410	-391.556
123	123	-440.889	-416.444
124	124	-420.889	-399.333
125	125	-430	-408.667
126	126	-424.778	-403.222
127	127	-424.556	-403.222
128	128	-431.778	-411.778
129	129	-419.111	-396.222
130	130	-424.778	-403.222
131	131	-424.556	-403.222
132	132	-424	-407.111
133	133	-426.889	-400.889
134	134	-420.889	-400.889
135	135	-430	-407.111
center was at i=136
138	140	-401.444	-383
139	141	-460.333	-435.889
140	142	-404.556	-386.111
141	143	-457.222	-432.778
142	144	-444.222	-427.333
143	145	-422.222	-396.222
144	146	-433.333	-413.333
145	147	-417.556	-394.667
146	148	-413.889	-393.889
147	149	-435.444	-412.556
148	150	-435.667	-414.111
149	151	-413.667	-392.333
150	152	-427.889	-407.889
151	153	-421.444	-398.556
152	154	-429.444	-407.889
153	155	-419.889	-398.556
154	156	-409.222	-390.778
155	157	-440.111	-415.667
156	158	-416.222	-399.333
157	159	-437.778	-411.778
158	160	-421.667	-401.667
159	161	-427.667	-404.778
160	162	-433.472	-424.583
161	163	-730	-658.889
162	164	-680.222	-708.889
163	165	-480.333	-483.889
164	166	-inf	-inf
165	167	-463.861	-458.083
166	168	-570.333	-570.333
167	169	-536.778	-456.333
duuude deme size before=1154
duuude deme size after=1326 the num new=172
0	0	-708.667	-706.556
1	1	-4830.89	-4751
2	2	-2232.33	-2253.56
3	3	-1582.89	-1596.33
4	4	-3243.2	-3274.15
5	5	-4211.15	-4249.87
6	6	-inf	-inf
7	7	-401.944	-384.5
8	8	-inf	-inf
9	9	-399.222	-385.472
10	10	-inf	-inf
11	11	-407.972	-390.528
12	12	-inf	-inf
13	13	-406.222	-388.778
14	14	-inf	-inf
15	15	-405.25	-387.806
16	16	-inf	-inf
17	17	-402.139	-385.278
18	18	-inf	-inf
19	19	-403.889	-386.444
20	20	-inf	-inf
21	21	-405.25	-387.806
22	22	-inf	-inf
23	23	-456	-438.556
24	24	-inf	-inf
25	25	-403.306	-385.861
26	26	-inf	-inf
27	27	-402.917	-385.472
28	28	-inf	-inf
29	29	-405.25	-387.806
30	30	-inf	-inf
31	31	-402.722	-385.278
32	32	-inf	-inf
33	33	-397.667	-380.222
34	34	-inf	-inf
35	35	-405.444	-388
36	36	-inf	-inf
37	37	-395.917	-387.611
38	38	-inf	-inf
39	39	-406.417	-388.972
40	40	-inf	-inf
41	41	-412.25	-394.806
42	42	-inf	-inf
43	43	-408.556	-391.111
44	44	-inf	-inf
45	45	-401.944	-384.5
46	46	-inf	-inf
47	47	-400	-382.556
48	48	-inf	-inf
49	49	-402.139	-384.694
50	50	-inf	-inf
51	51	-406.806	-389.361
52	52	-inf	-inf
53	53	-402.139	-384.694
54	54	-inf	-inf
55	55	-401.361	-383.917
56	56	-inf	-inf
57	57	-403.694	-388.778
58	58	-inf	-inf
59	59	-401.556	-387.611
60	60	-inf	-inf
61	61	-390.861	-375.944
62	62	-inf	-inf
63	63	-392.222	-374.778
64	64	-inf	-inf
65	65	-418.083	-400.639
66	66	-inf	-inf
67	67	-406.028	-388.583
68	68	-inf	-inf
69	69	-400.389	-385.472
70	70	-inf	-inf
71	71	-407.583	-390.139
72	72	-inf	-inf
73	73	-404.472	-387.028
74	74	-inf	-inf
75	75	-404.472	-387.028
76	76	-inf	-inf
77	77	-401.75	-384.306
78	78	-inf	-inf
79	79	-403.5	-386.639
80	80	-inf	-inf
81	81	-404.278	-389.361
82	82	-401.667	-384
83	83	-404.778	-387.111
84	84	-397	-380.889
85	85	-412.556	-393.333
86	86	-413.333	-395.667
87	87	-397.778	-380.111
88	88	-411	-393.333
89	89	-398.556	-380.889
90	90	-416.444	-398.778
91	91	-391.556	-373.889
92	92	-401.667	-385.556
93	93	-414.111	-394.889
94	94	-412.556	-394.889
95	95	-397	-379.333
96	96	-409.444	-391.778
97	97	-397	-379.333
98	98	-423.833	-406.167
99	99	-410.222	-392.556
100	100	-553.111	-535.444
101	101	-456.444	-438.778
102	102	-401.667	-384
103	103	-404.778	-387.111
104	104	-404.778	-387.111
105	105	-401.667	-384
106	106	-416.444	-398.778
107	107	-391.556	-373.889
108	108	-405.556	-387.889
109	109	-402.444	-384.778
110	110	-393.889	-376.222
111	111	-415.667	-398
112	112	-410.222	-392.556
113	113	-397.778	-380.111
center was at i=114
116	118	-404.778	-387.111
117	119	-401.667	-384
118	120	-408.667	-391
119	121	-405.556	-387.889
120	122	-416.444	-398.778
121	123	-391.556	-373.889
122	124	-391.556	-373.889
123	125	-416.444	-398.778
124	126	-399.333	-381.667
125	127	-408.667	-391
126	128	-403.222	-385.556
127	129	-403.222	-385.556
128	130	-411.778	-394.111
129	131	-396.222	-378.556
130	132	-403.222	-385.556
131	133	-403.222	-385.556
132	134	-407.111	-389.444
133	135	-400.889	-383.222
134	136	-400.889	-384.778
135	137	-407.111	-387.889
136	138	-431.778	-420.556
137	139	-408.444	-389.444
138	140	-468.889	-445.222
139	141	-422	-401.444
140	142	-383	-366.889
141	143	-435.889	-416.667
142	144	-386.111	-368.444
143	145	-432.778	-415.111
144	146	-427.333	-409.667
145	147	-396.222	-378.556
146	148	-413.333	-395.667
147	149	-394.667	-377
148	150	-393.889	-377.778
149	151	-412.556	-393.333
150	152	-414.111	-396.444
151	153	-392.333	-374.667
152	154	-407.889	-390.222
153	155	-398.556	-380.889
154	156	-407.889	-390.222
155	157	-398.556	-380.889
156	158	-390.778	-373.111
157	159	-415.667	-398
158	160	-399.333	-383.222
159	161	-411.778	-392.556
160	162	-401.667	-385.556
161	163	-404.778	-385.556
162	164	-424.583	-410.806
163	165	-658.889	-625.667
164	166	-708.889	-706.778
165	167	-483.889	-474
166	168	-inf	-inf
167	169	-458.083	-449.333
168	170	-570.333	-570.333
169	171	-456.333	-419
duuude deme size before=1326
duuude deme size after=1500 the num new=174
0	0	-706.556	-724.667
1	1	-4751	-4598
2	2	-2253.56	-2323
3	3	-1596.33	-1648.67
4	4	-3274.15	-3364.98
5	5	-4249.87	-4357.81
6	6	-inf	-inf
7	7	-384.5	-368.611
8	8	-inf	-inf
9	9	-385.472	-370.167
10	10	-inf	-inf
11	11	-390.528	-374.639
12	12	-inf	-inf
13	13	-388.778	-373.472
14	14	-inf	-inf
15	15	-387.806	-371.917
16	16	-inf	-inf
17	17	-385.278	-369.972
18	18	-inf	-inf
19	19	-386.444	-367.639
20	20	-inf	-inf
21	21	-387.806	-372.5
22	22	-inf	-inf
23	23	-438.556	-422.667
24	24	-inf	-inf
25	25	-385.861	-369.972
26	26	-inf	-inf
27	27	-385.472	-369.583
28	28	-inf	-inf
29	29	-387.806	-372.5
30	30	-inf	-inf
31	31	-385.278	-369.972
32	32	-inf	-inf
33	33	-380.222	-368.417
34	34	-inf	-inf
35	35	-388	-372.111
36	36	-inf	-inf
37	37	-387.611	-373.083
38	38	-inf	-inf
39	39	-388.972	-373.083
40	40	-inf	-inf
41	41	-394.806	-383.389
42	42	-inf	-inf
43	43	-391.111	-375.222
44	44	-inf	-inf
45	45	-384.5	-368.417
46	46	-inf	-inf
47	47	-382.556	-368.806
48	48	-inf	-inf
49	49	-384.694	-370.75
50	50	-inf	-inf
51	51	-389.361	-374.056
52	52	-inf	-inf
53	53	-384.694	-368.806
54	54	-inf	-inf
55	55	-383.917	-365.694
56	56	-inf	-inf
57	57	-388.778	-374.833
58	58	-inf	-inf
59	59	-387.611	-370.167
60	60	-inf	-inf
61	61	-375.944	-369.194
62	62	-inf	-inf
63	63	-374.778	-370.75
64	64	-inf	-inf
65	65	-400.639	-384.75
66	66	-inf	-inf
67	67	-388.583	-369.972
68	68	-inf	-inf
69	69	-385.472	-370.944
70	70	-inf	-inf
71	71	-390.139	-374.25
72	72	-inf	-inf
73	73	-387.028	-371.139
74	74	-inf	-inf
75	75	-387.028	-370.944
76	76	-inf	-inf
77	77	-384.306	-368.417
78	78	-inf	-inf
79	79	-386.639	-367.833
80	80	-inf	-inf
81	81	-389.361	-372.306
82	82	-384	-367.889
83	83	-387.111	-371
84	84	-380.889	-366.333
85	85	-393.333	-375.667
86	86	-395.667	-379.556
87	87	-380.111	-364
88	88	-393.333	-378.778
89	89	-380.889	-363.222
90	90	-398.778	-382.667
91	91	-373.889	-357.778
92	92	-385.556	-371
93	93	-394.889	-377.222
94	94	-394.889	-380.333
95	95	-379.333	-361.667
96	96	-391.778	-377.222
97	97	-379.333	-361.667
98	98	-406.167	-390.056
99	99	-392.556	-376.444
100	100	-535.444	-519.333
101	101	-438.778	-422.667
102	102	-384	-367.889
103	103	-387.111	-371
104	104	-387.111	-371
105	105	-384	-367.889
106	106	-398.778	-384.222
107	107	-373.889	-356.222
108	108	-387.889	-373.333
109	109	-384.778	-367.111
110	110	-376.222	-364.778
111	111	-398	-377.222
112	112	-392.556	-376.444
113	113	-380.111	-364
114	114	-370.778	-357.778
115	115	-391.194	-374.306
116	116	-426.556	-407.333
117	117	-400.667	-383
118	118	-387.111	-371
119	119	-384	-367.889
120	120	-391	-376.444
121	121	-387.889	-370.222
122	122	-398.778	-382.667
123	123	-373.889	-357.778
124	124	-373.889	-359.333
125	125	-398.778	-381.111
126	126	-381.667	-367.111
127	127	-391	-373.333
128	128	-385.556	-372.556
129	129	-385.556	-366.333
130	130	-394.111	-379.556
131	131	-378.556	-360.889
132	132	-385.556	-369.444
133	133	-385.556	-369.444
134	134	-389.444	-376.444
135	135	-383.222	-364
136	136	-384.778	-371.778
137	137	-387.889	-368.667
138	138	-420.556	-410.667
139	139	-389.444	-371.778
140	140	-445.222	-422.889
141	141	-401.444	-382.222
center was at i=142
144	146	-368.444	-357
145	147	-415.111	-394.333
146	148	-409.667	-393.556
147	149	-378.556	-362.444
148	150	-395.667	-382.667
149	151	-377	-357.778
150	152	-377.778	-363.222
151	153	-393.333	-375.667
152	154	-396.444	-380.333
153	155	-374.667	-358.556
154	156	-390.222	-374.111
155	157	-380.889	-364.778
156	158	-390.222	-375.667
157	159	-380.889	-363.222
158	160	-373.111	-357
159	161	-398	-381.889
160	162	-383.222	-368.667
161	163	-392.556	-374.889
162	164	-385.556	-372.556
163	165	-385.556	-366.333
164	166	-410.806	-403.25
165	167	-625.667	-575.333
166	168	-706.778	-724.889
167	169	-474	-475
168	170	-inf	-inf
169	171	-449.333	-442.361
170	172	-570.333	-570.333
171	173	-419	-378.778
duuude deme size before=1500
duuude deme size after=1676 the num new=176
0	0	-724.667	-701.556
1	1	-4598	-4637.11
2	2	-2323	-2281.22
3	3	-1648.67	-1613.11
4	4	-3364.98	-3315.42
5	5	-4357.81	-4302.03
6	6	-inf	-inf
7	7	-368.611	-357.944
8	8	-inf	-inf
9	9	-370.167	-360.861
10	10	-inf	-inf
11	11	-374.639	-365.333
12	12	-inf	-inf
13	13	-373.472	-362.222
14	14	-inf	-inf
15	15	-371.917	-361.25
16	16	-inf	-inf
17	17	-369.972	-360.083
18	18	-inf	-inf
19	19	-367.639	-356.972
20	20	-inf	-inf
21	21	-372.5	-361.833
22	22	-inf	-inf
23	23	-422.667	-413.361
24	24	-inf	-inf
25	25	-369.972	-359.306
26	26	-inf	-inf
27	27	-369.583	-358.917
28	28	-inf	-inf
29	29	-372.5	-365.722
30	30	-inf	-inf
31	31	-369.972	-359.306
32	32	-inf	-inf
33	33	-368.417	-357.75
34	34	-inf	-inf
35	35	-372.111	-361.444
36	36	-inf	-inf
37	37	-373.083	-362.417
38	38	-inf	-inf
39	39	-373.083	-362.417
40	40	-inf	-inf
41	41	-383.389	-372.722
42	42	-inf	-inf
43	43	-375.222	-364.556
44	44	-inf	-inf
45	45	-368.417	-357.75
46	46	-inf	-inf
47	47	-368.806	-358.139
48	48	-inf	-inf
49	49	-370.75	-360.083
50	50	-inf	-inf
51	51	-374.056	-364.75
52	52	-inf	-inf
53	53	-368.806	-358.139
54	54	-inf	-inf
55	55	-365.694	-355.028
56	56	-inf	-inf
57	57	-374.833	-363.583
58	58	-inf	-inf
59	59	-370.167	-363.389
60	60	-inf	-inf
61	61	-369.194	-357.944
62	62	-inf	-inf
63	63	-370.75	-360.083
64	64	-inf	-inf
65	65	-384.75	-374.083
66	66	-inf	-inf
67	67	-369.972	-359.889
68	68	-inf	-inf
69	69	-370.944	-360.278
70	70	-inf	-inf
71	71	-374.25	-364.167
72	72	-inf	-inf
73	73	-371.139	-361.833
74	74	-inf	-inf
75	75	-370.944	-360.278
76	76	-inf	-inf
77	77	-368.417	-357.75
78	78	-inf	-inf
79	79	-367.833	-357.75
80	80	-inf	-inf
81	81	-372.306	-361.639
82	82	-367.889	-357.222
83	83	-371	-360.333
84	84	-366.333	-354.111
85	85	-375.667	-366.556
86	86	-379.556	-367.333
87	87	-364	-354.889
88	88	-378.778	-366.556
89	89	-363.222	-354.111
90	90	-382.667	-372
91	91	-357.778	-347.111
92	92	-371	-357.222
93	93	-377.222	-369.667
94	94	-380.333	-369.667
95	95	-361.667	-351
96	96	-377.222	-363.444
97	97	-361.667	-354.111
98	98	-390.056	-378.611
99	99	-376.444	-368.889
100	100	-519.333	-505.556
101	101	-422.667	-410.444
102	102	-367.889	-357.222
103	103	-371	-360.333
104	104	-371	-360.333
105	105	-367.889	-357.222
center was at i=107
108	110	-373.333	-362.667
109	111	-367.111	-356.444
110	112	-364.778	-354.111
111	113	-377.222	-366.556
112	114	-376.444	-365.778
113	115	-364	-353.333
114	116	-357.778	-347.111
115	117	-374.306	-363.639
116	118	-407.333	-396.667
117	119	-383	-372.333
118	120	-371	-360.333
119	121	-367.889	-357.222
120	122	-376.444	-365.778
121	123	-370.222	-359.556
122	124	-382.667	-372
123	125	-357.778	-347.111
124	126	-359.333	-348.667
125	127	-381.111	-370.444
126	128	-367.111	-356.444
127	129	-373.333	-362.667
128	130	-372.556	-361.889
129	131	-366.333	-355.667
130	132	-379.556	-367.333
131	133	-360.889	-351.778
132	134	-369.444	-358.778
133	135	-369.444	-358.778
134	136	-376.444	-365.778
135	137	-364	-353.333
136	138	-371.778	-359.556
137	139	-368.667	-359.556
138	140	-410.667	-393.778
139	141	-371.778	-362.667
140	142	-422.889	-418.444
141	143	-382.222	-374.667
142	144	-385.778	-372
143	145	-373.139	-363.25
144	146	-416.667	-409.111
145	147	-383	-373.889
146	148	-357	-346.333
147	149	-394.333	-383.667
148	150	-393.556	-382.889
149	151	-362.444	-351.778
150	152	-382.667	-370.444
151	153	-357.778	-348.667
152	154	-363.222	-352.556
153	155	-375.667	-365
154	156	-380.333	-368.111
155	157	-358.556	-349.444
156	158	-374.111	-361.889
157	159	-364.778	-355.667
158	160	-375.667	-365
159	161	-363.222	-352.556
160	162	-357	-346.333
161	163	-381.889	-371.222
162	164	-368.667	-356.444
163	165	-374.889	-365.778
164	166	-372.556	-361.889
165	167	-366.333	-355.667
166	168	-403.25	-389.472
167	169	-575.333	-577.111
168	170	-724.889	-701.778
169	171	-475	-458.111
170	172	-inf	-inf
171	173	-442.361	-436.25
172	174	-570.333	-570.333
173	175	-378.778	-370.333
duuude deme size before=1676
duuude deme size after=1854 the num new=178
0	0	-701.556	-725.889
1	1	-4637.11	-4490.33
2	2	-2281.22	-2356.89
3	3	-1613.11	-1671.67
4	4	-3315.42	-3412.48
5	5	-4302.03	-4416.2
6	6	-inf	-inf
7	7	-357.944	-348.278
8	8	-inf	-inf
9	9	-360.861	-351.194
10	10	-inf	-inf
11	11	-365.333	-355.667
12	12	-inf	-inf
13	13	-362.222	-350.806
14	14	-inf	-inf
15	15	-361.25	-350.611
16	16	-inf	-inf
17	17	-360.083	-350.611
18	18	-inf	-inf
19	19	-356.972	-346.333
20	20	-inf	-inf
21	21	-361.833	-352.167
22	22	-inf	-inf
23	23	-413.361	-403.889
24	24	-inf	-inf
25	25	-359.306	-349.833
26	26	-inf	-inf
27	27	-358.917	-349.25
28	28	-inf	-inf
29	29	-365.722	-356.056
30	30	-inf	-inf
31	31	-359.306	-348.278
32	32	-inf	-inf
33	33	-357.75	-352.361
34	34	-inf	-inf
35	35	-361.444	-351.778
36	36	-inf	-inf
37	37	-362.417	-352.75
38	38	-inf	-inf
39	39	-362.417	-352.75
40	40	-inf	-inf
41	41	-372.722	-366.361
42	42	-inf	-inf
43	43	-364.556	-352.944
44	44	-inf	-inf
45	45	-357.75	-348.083
46	46	-inf	-inf
47	47	-358.139	-349.444
48	48	-inf	-inf
49	49	-360.083	-351.389
50	50	-inf	-inf
51	51	-364.75	-355.083
52	52	-inf	-inf
53	53	-358.139	-348.472
54	54	-inf	-inf
55	55	-355.028	-345.361
56	56	-inf	-inf
57	57	-363.583	-353.917
58	58	-inf	-inf
59	59	-363.389	-352.556
60	60	-inf	-inf
61	61	-357.944	-356.639
62	62	-inf	-inf
63	63	-360.083	-356.056
64	64	-inf	-inf
65	65	-374.083	-363.056
66	66	-inf	-inf
67	67	-359.889	-348.861
68	68	-inf	-inf
69	69	-360.278	-351.778
70	70	-inf	-inf
71	71	-364.167	-354.5
72	72	-inf	-inf
73	73	-361.833	-352.167
74	74	-inf	-inf
75	75	-360.278	-350.611
76	76	-inf	-inf
77	77	-357.75	-348.083
78	78	-inf	-inf
79	79	-357.75	-348.278
80	80	-inf	-inf
81	81	-361.639	-351.778
82	82	-357.222	-347.333
83	83	-360.333	-350.444
84	84	-354.111	-344.222
85	85	-366.556	-356.667
86	86	-367.333	-357.444
87	87	-354.889	-345
88	88	-366.556	-361.333
89	89	-354.111	-339.556
90	90	-372	-363.667
91	91	-347.111	-335.667
92	92	-357.222	-348.889
93	93	-369.667	-358.222
94	94	-369.667	-361.333
95	95	-351	-339.556
96	96	-363.444	-353.556
97	97	-354.111	-344.222
98	98	-378.611	-369.5
99	99	-368.889	-355.889
100	100	-505.556	-498.778
101	101	-410.444	-402.111
102	102	-357.222	-348.889
103	103	-360.333	-348.889
104	104	-360.333	-350.444
105	105	-357.222	-347.333
106	106	-361.111	-351.222
107	107	-353.333	-343.444
108	108	-384.222	-374.333
109	109	-366.889	-357
110	110	-362.667	-354.333
111	111	-356.444	-345
112	112	-354.111	-347.333
113	113	-366.556	-353.556
114	114	-365.778	-355.889
115	115	-353.333	-343.444
116	116	-347.111	-337.222
117	117	-363.639	-353.75
118	118	-396.667	-386.778
119	119	-372.333	-362.444
120	120	-360.333	-350.444
121	121	-357.222	-347.333
122	122	-365.778	-357.444
123	123	-359.556	-348.111
124	124	-372	-365.222
125	125	-347.111	-334.111
126	126	-348.667	-338.778
127	127	-370.444	-360.556
128	128	-356.444	-348.111
129	129	-362.667	-351.222
130	130	-361.889	-353.556
131	131	-355.667	-344.222
132	132	-367.333	-357.444
133	133	-351.778	-341.889
134	134	-358.778	-348.889
135	135	-358.778	-348.889
136	136	-365.778	-355.889
137	137	-353.333	-343.444
138	138	-359.556	-349.667
139	139	-359.556	-349.667
140	140	-393.778	-390.111
141	141	-362.667	-351.222
142	142	-418.444	-402.333
143	143	-374.667	-361.667
144	144	-372	-371.444
145	145	-363.25	-351.028
146	146	-409.111	-389.889
147	147	-373.889	-359.333
center was at i=148
150	152	-382.889	-377.667
151	153	-351.778	-337.222
152	154	-370.444	-362.111
153	155	-348.667	-337.222
154	156	-352.556	-345.778
155	157	-365	-352
156	158	-368.111	-358.222
157	159	-349.444	-339.556
158	160	-361.889	-352
159	161	-355.667	-345.778
160	162	-365	-355.111
161	163	-352.556	-342.667
162	164	-346.333	-336.444
163	165	-371.222	-361.333
164	166	-356.444	-348.111
165	167	-365.778	-354.333
166	168	-361.889	-353.556
167	169	-355.667	-344.222
168	170	-389.472	-388.139
169	171	-577.111	-533
170	172	-701.778	-726.111
171	173	-458.111	-465.333
172	174	-inf	-inf
173	175	-436.25	-432.222
174	176	-570.333	-570.333
175	177	-370.333	-345.889
duuude deme size before=1854
duuude deme size after=2034 the num new=180
0	0	-725.889	-701.222
1	1	-4490.33	-4527.89
2	2	-2356.89	-2313.56
3	3	-1671.67	-1634.56
4	4	-3412.48	-3361.37
5	5	-4416.2	-4358.87
6	6	-inf	-inf
7	7	-348.278	-336.056
8	8	-inf	-inf
9	9	-351.194	-338.972
10	10	-inf	-inf
11	11	-355.667	-343.444
12	12	-inf	-inf
13	13	-350.806	-340.528
14	14	-inf	-inf
15	15	-350.611	-338.389
16	16	-inf	-inf
17	17	-350.611	-338.389
18	18	-inf	-inf
19	19	-346.333	-334.111
20	20	-inf	-inf
21	21	-352.167	-339.944
22	22	-inf	-inf
23	23	-403.889	-391.667
24	24	-inf	-inf
25	25	-349.833	-337.611
26	26	-inf	-inf
27	27	-349.25	-337.028
28	28	-inf	-inf
29	29	-356.056	-343.833
30	30	-inf	-inf
31	31	-348.278	-336.056
32	32	-inf	-inf
33	33	-352.361	-340.139
34	34	-inf	-inf
35	35	-351.778	-339.556
36	36	-inf	-inf
37	37	-352.75	-340.528
38	38	-inf	-inf
39	39	-352.75	-340.528
40	40	-inf	-inf
41	41	-366.361	-354.139
42	42	-inf	-inf
43	43	-352.944	-345.389
44	44	-inf	-inf
45	45	-348.083	-335.861
46	46	-inf	-inf
47	47	-349.444	-337.222
48	48	-inf	-inf
49	49	-351.389	-339.167
50	50	-inf	-inf
51	51	-355.083	-344.222
52	52	-inf	-inf
53	53	-348.472	-336.25
54	54	-inf	-inf
55	55	-345.361	-333.139
56	56	-inf	-inf
57	57	-353.917	-341.694
58	58	-inf	-inf
59	59	-352.556	-340.333
60	60	-inf	-inf
61	61	-356.639	-344.417
62	62	-inf	-inf
63	63	-356.056	-345.778
64	64	-inf	-inf
65	65	-363.056	-351.028
66	66	-inf	-inf
67	67	-348.861	-336.639
68	68	-inf	-inf
69	69	-351.778	-339.75
70	70	-inf	-inf
71	71	-354.5	-342.278
72	72	-inf	-inf
73	73	-352.167	-339.944
74	74	-inf	-inf
75	75	-350.611	-338.389
76	76	-inf	-inf
77	77	-348.083	-335.861
78	78	-inf	-inf
79	79	-348.278	-336.056
80	80	-inf	-inf
81	81	-351.778	-339.556
82	82	-347.333	-335.111
83	83	-350.444	-338.222
84	84	-344.222	-332
85	85	-356.667	-344.444
86	86	-357.444	-345.222
87	87	-345	-332.778
88	88	-361.333	-346
89	89	-339.556	-330.444
90	90	-363.667	-351.444
91	91	-335.667	-323.444
92	92	-348.889	-336.667
93	93	-358.222	-346
94	94	-361.333	-349.111
95	95	-339.556	-327.333
96	96	-353.556	-341.333
97	97	-344.222	-332
98	98	-369.5	-357.278
99	99	-355.889	-343.667
100	100	-498.778	-486.556
101	101	-402.111	-389.889
102	102	-348.889	-336.667
103	103	-348.889	-336.667
104	104	-350.444	-338.222
105	105	-347.333	-335.111
106	106	-351.222	-339
107	107	-343.444	-331.222
108	108	-374.333	-362.111
109	109	-357	-344.778
110	110	-354.333	-342.111
111	111	-345	-332.778
112	112	-347.333	-335.111
113	113	-353.556	-341.333
114	114	-355.889	-343.667
115	115	-343.444	-331.222
116	116	-337.222	-325
117	117	-353.75	-341.528
118	118	-386.778	-374.556
119	119	-362.444	-350.222
120	120	-350.444	-338.222
121	121	-347.333	-335.111
122	122	-357.444	-345.222
123	123	-348.111	-335.889
center was at i=125
126	128	-338.778	-326.556
127	129	-360.556	-348.333
128	130	-348.111	-335.889
129	131	-351.222	-339
130	132	-353.556	-341.333
131	133	-344.222	-332
132	134	-357.444	-343.667
133	135	-341.889	-331.222
134	136	-348.889	-336.667
135	137	-348.889	-336.667
136	138	-355.889	-343.667
137	139	-343.444	-331.222
138	140	-349.667	-337.444
139	141	-349.667	-337.444
140	142	-390.111	-377.889
141	143	-351.222	-339
142	144	-402.333	-390.111
143	145	-361.667	-349.444
144	146	-371.444	-359.222
145	147	-351.028	-338.806
146	148	-389.889	-377.667
147	149	-359.333	-347.111
148	150	-377.667	-359.222
149	151	-349.472	-338.806
150	152	-383.667	-377.667
151	153	-356.222	-347.111
152	154	-377.667	-363.889
153	155	-337.222	-326.556
154	156	-362.111	-349.889
155	157	-337.222	-325
156	158	-345.778	-332
157	159	-352	-341.333
158	160	-358.222	-346
159	161	-339.556	-327.333
160	162	-352	-339.778
161	163	-345.778	-333.556
162	164	-355.111	-342.889
163	165	-342.667	-330.444
164	166	-336.444	-324.222
165	167	-361.333	-349.111
166	168	-348.111	-335.889
167	169	-354.333	-342.111
168	170	-353.556	-341.333
169	171	-344.222	-332
170	172	-388.139	-372.806
171	173	-533	-533.222
172	174	-726.111	-701.444
173	175	-465.333	-446.889
174	176	-inf	-inf
175	177	-432.222	-424.667
176	178	-570.333	-570.333
177	179	-345.889	-333.667
duuude deme size before=2034
duuude deme size after=2216 the num new=182
