#
# taken from nn1, this is replay every 10, and using the 2-simplex oly
#
# deme_count   iteration   total_evals new_instances  num_instances  has_improved   best_weighted_score  delta_weighted best_raw delta_raw complexity
 1	1	1	1	1	1	-5225.33	3.40282e+38	-6718	3.40282e+38	1
 1	2	161	160	161	1	-4135.67	1089.67	-5317	1401	1
 1	3	201	40	201	1	-3803	332.667	-4889	428	2
 1	4	241	40	241	0	-3803	0	-4889	0	2
 1	5	281	40	281	0	-3803	0	-4889	0	2
 2	1	282	1	1	1	-3803	3.40282e+38	-4889	3.40282e+38	2
 2	2	520	238	239	1	-2895.33	907.667	-3722	1167	2
 2	3	560	40	279	1	-2643.56	251.778	-3398	324	3
 2	4	600	40	319	0	-2643.56	0	-3398	0	3
 2	5	640	40	359	0	-2643.56	0	-3398	0	3
 3	1	641	1	1	1	-2643.56	3.40282e+38	-3398	3.40282e+38	3
 3	2	879	238	239	1	-1917.89	725.667	-2465	933	3
 3	3	919	40	279	1	-1112.89	805	-1430	1035	3
 3	4	959	40	319	0	-1112.89	0	-1430	0	3
 3	5	999	40	359	0	-1112.89	0	-1430	0	3
 4	1	1000	1	1	1	-1112.89	3.40282e+38	-1430	3.40282e+38	3
 4	2	1238	238	239	1	-751.222	361.667	-965	465	3
 4	3	1278	40	279	1	-741.889	9.33331	-953	12	3
 4	4	1318	40	319	0	-741.889	0	-953	0	3
 4	5	1358	40	359	0	-741.889	0	-953	0	3
 5	1	1359	1	1	1	-741.889	3.40282e+38	-953	3.40282e+38	3
 5	2	1597	238	239	1	-562.222	179.667	-722	231	3
 5	3	1637	40	279	1	-540.667	21.5555	-694	28	4
 5	4	1677	40	319	0	-540.667	0	-694	0	4
 5	5	1717	40	359	0	-540.667	0	-694	0	4
 6	1	1718	1	1	1	-540.667	3.40282e+38	-694	3.40282e+38	4
 6	2	2034	316	317	1	-508.778	31.8889	-653	41	4
 6	3	2074	40	357	1	-437.222	71.5555	-561	92	4
 6	4	2114	40	397	0	-437.222	0	-561	0	4
 6	5	2154	40	437	0	-437.222	0	-561	0	4
 7	1	2155	1	1	1	-437.222	3.40282e+38	-561	3.40282e+38	4
 7	2	2471	316	317	1	-406.111	31.1111	-521	40	4
 7	3	2511	40	357	1	-393.222	12.8889	-503	18	9
 7	4	2551	40	397	0	-393.222	0	-503	0	9
 7	5	2591	40	437	0	-393.222	0	-503	0	9
 8	1	2592	1	1	1	-393.222	3.40282e+38	-503	3.40282e+38	9
 8	2	3300	708	709	1	-379.444	13.7778	-485	18	10
 8	3	3340	40	749	1	-357.75	21.6945	-456.25	28.75	13
 8	4	3380	40	789	0	-357.75	0	-456.25	0	13
 8	5	3420	40	829	0	-357.75	0	-456.25	0	13
 9	1	3421	1	1	1	-357.75	3.40282e+38	-456.25	3.40282e+38	13
 9	2	4363	942	943	1	-346.306	11.4445	-441.25	15	14
 9	3	4403	40	983	1	-326.361	19.9444	-414.75	26.5	17
 9	4	4443	40	1023	0	-326.361	0	-414.75	0	17
 9	5	4483	40	1063	0	-326.361	0	-414.75	0	17
 10	1	4484	1	1	1	-326.361	3.40282e+38	-414.75	3.40282e+38	17
 10	2	5582	1098	1099	1	-313.583	12.7778	-397.75	17	19
 10	3	5622	40	1139	1	-298.25	15.3333	-377.75	20	20
 10	4	5662	40	1179	0	-298.25	0	-377.75	0	20
 10	5	5702	40	1219	0	-298.25	0	-377.75	0	20
 11	1	5703	1	1	1	-298.25	3.40282e+38	-377.75	3.40282e+38	20
 11	2	7035	1332	1333	1	-285.472	12.7778	-360.75	17	22
 11	3	7075	40	1373	1	-273.806	11.6667	-345.75	15	22
 11	4	7115	40	1413	0	-273.806	0	-345.75	0	22
 11	5	7155	40	1453	0	-273.806	0	-345.75	0	22
 12	1	7156	1	1	1	-273.806	3.40282e+38	-345.75	3.40282e+38	22
 12	2	8874	1718	1719	1	-261.028	12.7778	-328.75	17	24
 12	3	8914	40	1759	1	-247.306	13.7222	-310.25	18.5	27
 12	4	8954	40	1799	0	-247.306	0	-310.25	0	27
 12	5	8994	40	1839	0	-247.306	0	-310.25	0	27
 13	1	8995	1	1	1	-247.306	3.40282e+38	-310.25	3.40282e+38	27
 13	2	11179	2184	2185	1	-238.194	9.11111	-298.25	12	28
 13	3	11219	40	2225	1	-230.083	8.11111	-287.25	11	30
 13	4	11259	40	2265	0	-230.083	0	-287.25	0	30
 13	5	11299	40	2305	0	-230.083	0	-287.25	0	30
 14	1	11300	1	1	1	-230.083	3.40282e+38	-287.25	3.40282e+38	30
 14	2	12792	1492	1493	1	-221.417	8.66666	-275.25	12	33
 14	3	12832	40	1533	1	-215.194	6.22223	-267.25	8	33
 14	4	12872	40	1573	0	-215.194	0	-267.25	0	33
 14	5	12912	40	1613	0	-215.194	0	-267.25	0	33
 15	1	12913	1	1	1	-215.194	3.40282e+38	-267.25	3.40282e+38	33
 15	2	14407	1494	1495	1	-208.861	6.33333	-258.25	9	36
 15	3	14447	40	1535	1	-202.667	6.19444	-250	8.25	37
 15	4	14487	40	1575	0	-202.667	0	-250	0	37
 15	5	14527	40	1615	0	-202.667	0	-250	0	37
 16	1	14528	1	1	1	-202.667	3.40282e+38	-250	3.40282e+38	37
 16	2	16104	1576	1577	1	-197.639	5.02779	-243.25	6.75	38
 16	3	16144	40	1617	1	-190.361	7.27777	-232.75	10.5	42
 16	4	16184	40	1657	0	-190.361	0	-232.75	0	42
 16	5	16224	40	1697	0	-190.361	0	-232.75	0	42
 17	1	16225	1	1	1	-190.361	3.40282e+38	-232.75	3.40282e+38	42
 17	2	18193	1968	1969	1	-185.333	5.02779	-226	6.75	43
 17	3	18233	40	2009	1	-176.694	8.63889	-213.75	12.25	47
 17	4	18273	40	2049	0	-176.694	0	-213.75	0	47
 17	5	18313	40	2089	0	-176.694	0	-213.75	0	47
 18	1	18314	1	1	1	-176.694	3.40282e+38	-213.75	3.40282e+38	47
 18	2	20594	2280	2281	1	-170.472	6.22221	-205.75	8	47
 18	3	20634	40	2321	1	-164.25	6.22223	-197.75	8	47
 18	4	20674	40	2361	0	-164.25	0	-197.75	0	47
 18	5	20714	40	2401	0	-164.25	0	-197.75	0	47
 19	1	20715	1	1	1	-164.25	3.40282e+38	-197.75	3.40282e+38	47
 19	2	22995	2280	2281	1	-160.583	3.66667	-192.75	5	48
 19	3	23035	40	2321	1	-156.25	4.33333	-185.75	7	53
 19	4	23075	40	2361	0	-156.25	0	-185.75	0	53
 19	5	23115	40	2401	0	-156.25	0	-185.75	0	53
 20	1	23116	1	1	1	-156.25	3.40282e+38	-185.75	3.40282e+38	53
 20	2	25170	2054	2055	1	-152.583	3.66667	-180.75	5	54
 20	3	25210	40	2095	1	-147.417	5.16666	-173.25	7.5	57
 20	4	25250	40	2135	0	-147.417	0	-173.25	0	57
 20	5	25290	40	2175	0	-147.417	0	-173.25	0	57
 21	1	25291	1	1	1	-147.417	3.40282e+38	-173.25	3.40282e+38	57
 21	2	27581	2290	2291	1	-144.306	3.11111	-169.25	4	57
 21	3	27621	40	2331	1	-139.194	5.11111	-161.25	8	62
 21	4	27661	40	2371	0	-139.194	0	-161.25	0	62
 21	5	27701	40	2411	0	-139.194	0	-161.25	0	62
 22	1	27702	1	1	1	-139.194	3.40282e+38	-161.25	3.40282e+38	62
 22	2	29998	2296	2297	1	-135.417	3.77777	-157.25	4	59
 22	3	30038	40	2337	0	-135.417	0	-157.25	0	59
 22	4	30078	40	2377	0	-135.417	0	-157.25	0	59
 23	1	30079	1	1	1	-150.806	3.40282e+38	-174.75	3.40282e+38	67
 23	2	32533	2454	2455	1	-136.139	14.6667	-156.75	18	64
 23	3	32573	40	2495	0	-136.139	0	-156.75	0	64
 23	4	32613	40	2535	0	-136.139	0	-156.75	0	64
 24	1	32614	1	1	1	-135.417	3.40282e+38	-157.25	3.40282e+38	59
 24	2	34674	2060	2061	1	-133.306	2.11111	-154.25	3	60
 24	3	34714	40	2101	1	-128.75	4.55556	-147.25	7	64
 24	4	34754	40	2141	0	-128.75	0	-147.25	0	64
 24	5	34794	40	2181	0	-128.75	0	-147.25	0	64
 25	1	34795	1	1	1	-128.75	3.40282e+38	-147.25	3.40282e+38	64
 25	2	37089	2294	2295	1	-126.417	2.33334	-144.25	3	64
 25	3	37129	40	2335	1	-124.306	2.11111	-141.25	3	65
 25	4	37169	40	2375	0	-124.306	0	-141.25	0	65
 25	5	37209	40	2415	0	-124.306	0	-141.25	0	65
 26	1	37210	1	1	1	-124.306	3.40282e+38	-141.25	3.40282e+38	65
 26	2	39582	2372	2373	1	-122.806	1.5	-138.75	2.5	67
 26	3	39622	40	2413	1	-121.694	1.11111	-136.75	2	69
 26	4	39662	40	2453	0	-121.694	0	-136.75	0	69
 26	5	39702	40	2493	0	-121.694	0	-136.75	0	69
 27	1	39703	1	1	1	-121.694	3.40282e+38	-136.75	3.40282e+38	69
 27	2	42309	2606	2607	1	-120.361	1.33333	-134.75	2	70
 27	3	42349	40	2647	1	-119.25	1.11111	-132.75	2	72
 27	4	42389	40	2687	0	-119.25	0	-132.75	0	72
 27	5	42429	40	2727	0	-119.25	0	-132.75	0	72
 28	1	42430	1	1	1	-119.333	3.40282e+38	-132	3.40282e+38	75
 28	2	45276	2846	2847	1	-118.389	0.94445	-130.5	1.5	76
 28	3	45316	40	2887	1	-117.611	0.777771	-129.5	1	76
 28	4	45356	40	2927	0	-117.611	0	-129.5	0	76
 28	5	45396	40	2967	0	-117.611	0	-129.5	0	76
 29	1	45397	1	1	1	-117.611	3.40282e+38	-129.5	3.40282e+38	76
 29	2	48321	2924	2925	1	-116.667	0.94445	-128	1.5	77
 29	3	48361	40	2965	1	-116.111	0.55555	-127	1	78
 29	4	48401	40	3005	0	-116.111	0	-127	0	78
 29	5	48441	40	3045	0	-116.111	0	-127	0	78
 30	1	48442	1	1	1	-116.111	3.40282e+38	-127	3.40282e+38	78
 30	2	51600	3158	3159	1	-115	1.11111	-125	2	80
 30	3	51640	40	3199	0	-114.611	0.388885	-124.5	0.5	80
 30	4	51680	40	3239	0	-114.611	0	-124.5	0	80
 31	1	51681	1	1	1	-114.611	3.40282e+38	-124.5	3.40282e+38	80
 31	2	54917	3236	3237	1	-114.056	0.555557	-123.5	1	81
 31	3	54957	40	3277	1	-113.556	0.5	-122	1.5	84
 31	4	54997	40	3317	0	-113.556	0	-122	0	84
 31	5	55037	40	3357	0	-113.556	0	-122	0	84
 32	1	55038	1	1	1	-113.556	3.40282e+38	-122	3.40282e+38	84
 32	2	58664	3626	3627	1	-112.778	0.777779	-121	1	84
 32	3	58704	40	3667	0	-112.417	0.361115	-120.25	0.75	85
 32	4	58744	40	3707	0	-112.417	0	-120.25	0	85
 33	1	58745	1	1	1	-112.417	3.40282e+38	-120.25	3.40282e+38	85
 33	2	62217	3472	3473	0	-112.083	0.333328	-119.25	1	87
 34	1	62218	1	1	1	-112.083	3.40282e+38	-119.25	3.40282e+38	87
 34	2	65846	3628	3629	0	-111.75	0.333336	-118.25	1	89
 35	1	65847	1	1	1	-111.75	3.40282e+38	-118.25	3.40282e+38	89
 35	2	69553	3706	3707	0	-111.528	0.222221	-118.25	0	88
 36	1	69554	1	1	1	-111.562	3.40282e+38	-117.722	3.40282e+38	90
 36	2	73338	3784	3785	0	-111.34	0.222221	-117.722	0	89
 37	1	73339	1	1	1	-111.528	3.40282e+38	-118.25	3.40282e+38	88
 37	2	76891	3552	3553	1	-110.194	1.33334	-116.25	2	89
 37	3	76931	40	3593	0	-110.194	0	-116.25	0	89
 37	4	76971	40	3633	0	-110.194	0	-116.25	0	89
 38	1	76972	1	1	1	-112.194	3.40282e+38	-118.25	3.40282e+38	91
 38	2	80000	3028	3029	1	-110.417	1.77778	-116.25	2	90
