# bank instance score, sorted, for generation 20 only. -r0
#
 0	-277.889	1	-272.667
 1	-277.889	1	-274
 2	-277.889	1	-274.222
 3	-277.889	1	-274.222
 4	-277.889	1	-275.778
 5	-277.889	1	-275.778
 6	-277.889	1	-276.556
 7	-277.889	1	-276.556
 8	-277.889	1	-276.556
 9	-277.889	1	-276.556
 10	-277.889	1	-277.333
 11	-277.889	1	-277.333
 12	-277.889	1	-277.333
 13	-277.889	1	-277.889
 14	-277.889	1	-277.889
 15	-277.889	1	-277.889
 16	-277.889	1	-277.889
 17	-277.889	1	-278.111
 18	-277.889	1	-278.111
 19	-277.889	1	-278.111
 20	-277.889	1	-278.111
 21	-277.889	1	-278.111
 22	-277.889	1	-278.889
 23	-277.889	1	-278.889
 24	-277.889	1	-278.889
 25	-277.889	1	-278.889
 26	-277.889	1	-278.889
 27	-277.889	1	-278.889
 28	-277.889	1	-278.889
 29	-277.889	1	-279.444
 30	-277.889	1	-279.639
 31	-277.889	1	-279.667
 32	-277.889	1	-279.667
 33	-277.889	1	-279.833
 34	-277.889	1	-279.861
 35	-277.889	1	-280.028
 36	-277.889	1	-280.444
 37	-277.889	1	-280.444
 38	-277.889	1	-280.444
 39	-277.889	1	-280.444
 40	-277.889	1	-280.444
 41	-277.889	1	-280.806
 42	-277.889	1	-281
 43	-277.889	1	-281
 44	-277.889	1	-281.194
 45	-277.889	1	-281.194
 46	-277.889	1	-281.194
 47	-277.889	1	-281.389
 48	-277.889	1	-282
 49	-277.889	1	-282
 50	-277.889	1	-282
 51	-277.889	1	-282
 52	-277.889	1	-282
 53	-277.889	1	-282
 54	-277.889	1	-282
 55	-277.889	1	-282
 56	-277.889	1	-282.167
 57	-277.889	1	-282.333
 58	-277.889	1	-282.75
 59	-277.889	1	-282.778
 60	-277.889	1	-283.111
 61	-277.889	1	-283.139
 62	-277.889	1	-283.361
 63	-277.889	1	-283.556
 64	-277.889	1	-283.556
 65	-277.889	1	-283.556
 66	-277.889	1	-283.722
 67	-277.889	1	-283.722
 68	-277.889	1	-283.722
 69	-277.889	1	-283.889
 70	-277.889	1	-283.917
 71	-277.889	1	-284.111
 72	-277.889	1	-284.306
 73	-277.889	1	-284.333
 74	-277.889	1	-284.333
 75	-277.889	1	-284.333
 76	-277.889	1	-284.333
 77	-277.889	1	-284.333
 78	-277.889	1	-284.5
 79	-277.889	1	-284.5
 80	-277.889	1	-284.694
 81	-277.889	1	-284.694
 82	-277.889	1	-285.083
 83	-277.889	1	-285.111
 84	-277.889	1	-285.111
 85	-277.889	1	-285.472
 86	-277.889	1	-285.861
 87	-277.889	1	-285.889
 88	-277.889	1	-286.639
 89	-277.889	1	-286.667
 90	-277.889	1	-286.667
 91	-277.889	1	-287
 92	-277.889	1	-287
 93	-277.889	1	-287
 94	-277.889	1	-287.028
 95	-277.889	1	-287.222
 96	-277.889	1	-287.222
 97	-277.889	1	-287.222
 98	-277.889	1	-287.222
 99	-277.889	1	-288
 100	-277.889	1	-288
 101	-277.889	1	-288.028
 102	-277.889	1	-288.222
 103	-277.889	1	-288.222
 104	-277.889	1	-288.222
 105	-277.889	1	-288.583
 106	-277.889	1	-288.806
 107	-277.889	1	-289
 108	-277.889	1	-289
 109	-277.889	1	-289
 110	-277.889	1	-289.556
 111	-277.889	1	-290.333
 112	-277.889	1	-291.306
 113	-277.889	1	-292.444
 114	-277.889	1	-293.056
 115	-277.889	1	-294.639
 116	-277.889	1	-296.556
 117	-277.889	1	-296.75
 118	-277.889	1	-297.917
 119	-277.889	1	-299.667
 120	-277.889	1	-301.056
 121	-277.889	1	-301.25
 122	-277.889	1	-301.444
 123	-277.889	1	-301.778
 124	-277.889	1	-302.778
 125	-277.889	1	-302.778
 126	-277.889	1	-302.778
 127	-277.889	1	-305.111
 128	-277.889	1	-312.111
 129	-277.889	1	-314.861
 130	-277.889	1	-315.028
 131	-277.889	1	-321.667
 132	-277.889	1	-324.556
 133	-277.889	1	-333.667
 134	-277.889	1	-335.444
 135	-277.889	1	-340.111
 136	-277.889	1	-343.222
 137	-277.889	1	-343.222
 138	-277.889	1	-352.778
 139	-277.889	1	-374.278
 140	-277.889	1	-387.556
 141	-277.889	1	-403.444
 142	-277.889	1	-430.333
 143	-277.889	1	-483.222
 144	-277.889	1	-570.333
 145	-277.889	1	-638.778
 146	-277.889	1	-639
 147	-277.889	1	-1565.89
 148	-277.889	1	-2241.78
 149	-277.889	1	-3285.7
 150	-277.889	1	-4280.09
 151	-277.889	1	-4496.56
 152	-277.889	1	-inf
 153	-277.889	1	-inf
 154	-277.889	1	-inf
 155	-277.889	1	-inf
 156	-277.889	1	-inf
 157	-277.889	1	-inf
 158	-277.889	1	-inf
 159	-277.889	1	-inf
 160	-277.889	1	-inf
 161	-277.889	1	-inf
 162	-277.889	1	-inf
 163	-277.889	1	-inf
 164	-277.889	1	-inf
 165	-277.889	1	-inf
 166	-277.889	1	-inf
 167	-277.889	1	-inf
 168	-277.889	1	-inf
 169	-277.889	1	-inf
 170	-277.889	1	-inf
 171	-277.889	1	-inf
 172	-277.889	1	-inf
 173	-277.889	1	-inf
 174	-277.889	1	-inf
 175	-277.889	1	-inf
 176	-277.889	1	-inf
 177	-277.889	1	-inf
 178	-277.889	1	-inf
 179	-277.889	1	-inf
 180	-277.889	1	-inf
 181	-277.889	1	-inf
 182	-277.889	1	-inf
 183	-277.889	1	-inf
 184	-277.889	1	-inf
 185	-277.889	1	-inf
 186	-277.889	1	-inf
 187	-277.889	1	-inf
 188	-277.889	1	-inf
 189	-277.889	1	-inf
 190	-277.889	1	-inf
